8.5
8.49993
8.49986
8.49978
8.49971
8.49964
8.49957
8.4995
8.49942
8.49935
8.49928
8.49921
8.49914
8.49906
8.49899
8.49892
8.49885
8.49878
8.4987
8.49863
8.49856
8.49849
8.49842
8.49834
8.49827
8.4982
8.49813
8.49806
8.49799
8.49791
8.49784
8.49777
8.4977
8.49763
8.49755
8.49748
8.49741
8.49734
8.49727
8.49719
8.49712
8.49705
8.49698
8.49691
8.49683
8.49676
8.49669
8.49662
8.49655
8.49647
8.4964
8.49633
8.49626
8.49619
8.49611
8.49604
8.49597
8.4959
8.49583
8.49575
8.49568
8.49561
8.49554
8.49547
8.49539
8.49532
8.49525
8.49518
8.49511
8.49503
8.49496
8.49489
8.49482
8.49475
8.49468
8.4946
8.49453
8.49446
8.49439
8.49432
8.49424
8.49417
8.4941
8.49403
8.49396
8.49388
8.49381
8.49374
8.49367
8.4936
8.49352
8.49345
8.49338
8.49331
8.49324
8.49316
8.49309
8.49302
8.49295
8.49288
8.4928
8.49273
8.49266
8.49259
8.49252
8.49244
8.49237
8.4923
8.49223
8.49216
8.49208
8.49201
8.49194
8.49187
8.4918
8.49172
8.49165
8.49158
8.49151
8.49144
8.49137
8.49129
8.49122
8.49115
8.49108
8.49101
8.49093
8.49086
8.49079
8.49072
8.49065
8.49057
8.4905
8.49043
8.49036
8.49029
8.49021
8.49014
8.49007
8.49
8.48993
8.48985
8.48978
8.48971
8.48964
8.48957
8.48949
8.48942
8.48935
8.48928
8.48921
8.48913
8.48906
8.48899
8.48892
8.48885
8.48877
8.4887
8.48863
8.48856
8.48849
8.48841
8.48834
8.48827
8.4882
8.48813
8.48805
8.48798
8.48791
8.48784
8.48777
8.4877
8.48762
8.48755
8.48748
8.48741
8.48734
8.48726
8.48719
8.48712
8.48705
8.48698
8.4869
8.48683
8.48676
8.48669
8.48662
8.48654
8.48647
8.4864
8.48633
8.48626
8.48618
8.48611
8.48604
8.48597
8.4859
8.48582
8.48575
8.48568
8.48561
8.48554
8.48546
8.48539
8.48532
8.48525
8.48518
8.4851
8.48503
8.48496
8.48489
8.48482
8.48474
8.48467
8.4846
8.48453
8.48446
8.48439
8.48431
8.48424
8.48417
8.4841
8.48403
8.48395
8.48388
8.48381
8.48374
8.48367
8.48359
8.48352
8.48345
8.48338
8.48331
8.48323
8.48316
8.48309
8.48302
8.48295
8.48287
8.4828
8.48273
8.48266
8.48259
8.48251
8.48244
8.48237
8.4823
8.48223
8.48215
8.48208
8.48201
8.48194
8.48187
8.48179
8.48172
8.48165
8.48158
8.48151
8.48143
8.48136
8.48129
8.48122
8.48115
8.48107
8.481
8.48093
8.48086
8.48079
8.48072
8.48064
8.48057
8.4805
8.48043
8.48036
8.48028
8.48021
8.48014
8.48007
8.48
8.47992
8.47985
8.47978
8.47971
8.47964
8.47956
8.47949
8.47942
8.47935
8.47928
8.4792
8.47913
8.47906
8.47899
8.47892
8.47884
8.47877
8.4787
8.47863
8.47856
8.47848
8.47841
8.47834
8.47827
8.4782
8.47812
8.47805
8.47798
8.47791
8.47784
8.47776
8.47769
8.47762
8.47755
8.47748
8.47741
8.47733
8.47726
8.47719
8.47712
8.47705
8.47697
8.4769
8.47683
8.47676
8.47669
8.47661
8.47654
8.47647
8.4764
8.47633
8.47625
8.47618
8.47611
8.47604
8.47597
8.47589
8.47582
8.47575
8.47568
8.47561
8.47553
8.47546
8.47539
8.47532
8.47525
8.47517
8.4751
8.47503
8.47496
8.47489
8.47481
8.47474
8.47467
8.4746
8.47453
8.47445
8.47438
8.47431
8.47424
8.47417
8.4741
8.47402
8.47395
8.47388
8.47381
8.47374
8.47366
8.47359
8.47352
8.47345
8.47338
8.4733
8.47323
8.47316
8.47309
8.47302
8.47294
8.47287
8.4728
8.47273
8.47266
8.47258
8.47251
8.47244
8.47237
8.4723
8.47222
8.47215
8.47208
8.47201
8.47194
8.47186
8.47179
8.47172
8.47165
8.47158
8.4715
8.47143
8.47136
8.47129
8.47122
8.47114
8.47107
8.471
8.47093
8.47086
8.47078
8.47071
8.47064
8.47057
8.4705
8.47043
8.47035
8.47028
8.47021
8.47014
8.47007
8.46999
8.46992
8.46985
8.46978
8.46971
8.46963
8.46956
8.46949
8.46942
8.46935
8.46927
8.4692
8.46913
8.46906
8.46899
8.46891
8.46884
8.46877
8.4687
8.46863
8.46855
8.46848
8.46841
8.46834
8.46827
8.46819
8.46812
8.46805
8.46798
8.46791
8.46783
8.46776
8.46769
8.46762
8.46755
8.46747
8.4674
8.46733
8.46726
8.46719
8.46712
8.46704
8.46697
8.4669
8.46683
8.46676
8.46668
8.46661
8.46654
8.46647
8.4664
8.46632
8.46625
8.46618
8.46611
8.46604
8.46596
8.46589
8.46582
8.46575
8.46568
8.4656
8.46553
8.46546
8.46539
8.46532
8.46524
8.46517
8.4651
8.46503
8.46496
8.46488
8.46481
8.46474
8.46467
8.4646
8.46452
8.46445
8.46438
8.46431
8.46424
8.46416
8.46409
8.46402
8.46395
8.46388
8.46381
8.46373
8.46366
8.46359
8.46352
8.46345
8.46337
8.4633
8.46323
8.46316
8.46309
8.46301
8.46294
8.46287
8.4628
8.46273
8.46265
8.46258
8.46251
8.46244
8.46237
8.46229
8.46222
8.46215
8.46208
8.46201
8.46193
8.46186
8.46179
8.46172
8.46165
8.46157
8.4615
8.46143
8.46136
8.46129
8.46121
8.46114
8.46107
8.461
8.46093
8.46085
8.46078
8.46071
8.46064
8.46057
8.46049
8.46042
8.46035
8.46028
8.46021
8.46014
8.46006
8.45999
8.45992
8.45985
8.45978
8.4597
8.45963
8.45956
8.45949
8.45942
8.45934
8.45927
8.4592
8.45913
8.45906
8.45898
8.45891
8.45884
8.45877
8.4587
8.45862
8.45855
8.45848
8.45841
8.45834
8.45826
8.45819
8.45812
8.45805
8.45798
8.4579
8.45783
8.45776
8.45769
8.45762
8.45754
8.45747
8.4574
8.45733
8.45726
8.45718
8.45711
8.45704
8.45697
8.4569
8.45683
8.45675
8.45668
8.45661
8.45654
8.45647
8.45639
8.45632
8.45625
8.45618
8.45611
8.45603
8.45596
8.45589
8.45582
8.45575
8.45567
8.4556
8.45553
8.45546
8.45539
8.45531
8.45524
8.45517
8.4551
8.45503
8.45495
8.45488
8.45481
8.45474
8.45467
8.45459
8.45452
8.45445
8.45438
8.45431
8.45423
8.45416
8.45409
8.45402
8.45395
8.45387
8.4538
8.45373
8.45366
8.45359
8.45351
8.45344
8.45337
8.4533
8.45323
8.45316
8.45308
8.45301
8.45294
8.45287
8.4528
8.45272
8.45265
8.45258
8.45251
8.45244
8.45236
8.45229
8.45222
8.45215
8.45208
8.452
8.45193
8.45186
8.45179
8.45172
8.45164
8.45157
8.4515
8.45143
8.45136
8.45128
8.45121
8.45114
8.45107
8.451
8.45092
8.45085
8.45078
8.45071
8.45064
8.45056
8.45049
8.45042
8.45035
8.45028
8.4502
8.45013
8.45006
8.44999
8.44992
8.44985
8.44977
8.4497
8.44963
8.44956
8.44949
8.44941
8.44934
8.44927
8.4492
8.44913
8.44905
8.44898
8.44891
8.44884
8.44877
8.44869
8.44862
8.44855
8.44848
8.44841
8.44833
8.44826
8.44819
8.44812
8.44805
8.44797
8.4479
8.44783
8.44776
8.44769
8.44761
8.44754
8.44747
8.4474
8.44733
8.44725
8.44718
8.44711
8.44704
8.44697
8.44689
8.44682
8.44675
8.44668
8.44661
8.44654
8.44646
8.44639
8.44632
8.44625
8.44618
8.4461
8.44603
8.44596
8.44589
8.44582
8.44574
8.44567
8.4456
8.44553
8.44546
8.44538
8.44531
8.44524
8.44517
8.4451
8.44502
8.44495
8.44488
8.44481
8.44474
8.44466
8.44459
8.44452
8.44445
8.44438
8.4443
8.44423
8.44416
8.44409
8.44402
8.44394
8.44387
8.4438
8.44373
8.44366
8.44358
8.44351
8.44344
8.44337
8.4433
8.44322
8.44315
8.44308
8.44301
8.44294
8.44287
8.44279
8.44272
8.44265
8.44258
8.44251
8.44243
8.44236
8.44229
8.44222
8.44215
8.44207
8.442
8.44193
8.44186
8.44179
8.44171
8.44164
8.44157
8.4415
8.44143
8.44135
8.44128
8.44121
8.44114
8.44107
8.44099
8.44092
8.44085
8.44078
8.44071
8.44063
8.44056
8.44049
8.44042
8.44035
8.44027
8.4402
8.44013
8.44006
8.43999
8.43991
8.43984
8.43977
8.4397
8.43963
8.43956
8.43948
8.43941
8.43934
8.43927
8.4392
8.43912
8.43905
8.43898
8.43891
8.43884
8.43876
8.43869
8.43862
8.43855
8.43848
8.4384
8.43833
8.43826
8.43819
8.43812
8.43804
8.43797
8.4379
8.43783
8.43776
8.43768
8.43761
8.43754
8.43747
8.4374
8.43732
8.43725
8.43718
8.43711
8.43704
8.43696
8.43689
8.43682
8.43675
8.43668
8.4366
8.43653
8.43646
8.43639
8.43632
8.43625
8.43617
8.4361
8.43603
8.43596
8.43589
8.43581
8.43574
8.43567
8.4356
8.43553
8.43545
8.43538
8.43531
8.43524
8.43517
8.43509
8.43502
8.43495
8.43488
8.43481
8.43473
8.43466
8.43459
8.43452
8.43445
8.43437
8.4343
8.43423
8.43416
8.43409
8.43401
8.43394
8.43387
8.4338
8.43373
8.43365
8.43358
8.43351
8.43344
8.43337
8.43329
8.43322
8.43315
8.43308
8.43301
8.43293
8.43286
8.43279
8.43272
8.43265
8.43258
8.4325
8.43243
8.43236
8.43229
8.43222
8.43214
8.43207
8.432
8.43193
8.43186
8.43178
8.43171
8.43164
8.43157
8.4315
8.43142
8.43135
8.43128
8.43121
8.43114
8.43106
8.43099
8.43092
8.43085
8.43078
8.4307
8.43063
8.43056
8.43049
8.43042
8.43034
8.43027
8.4302
8.43013
8.43006
8.42998
8.42991
8.42984
8.42977
8.4297
8.42962
8.42955
8.42948
8.42941
8.42934
8.42927
8.42919
8.42912
8.42905
8.42898
8.42891
8.42883
8.42876
8.42869
8.42862
8.42855
8.42847
8.4284
8.42833
8.42826
8.42819
8.42811
8.42804
8.42797
8.4279
8.42783
8.42775
8.42768
8.42761
8.42754
8.42747
8.42739
8.42732
8.42725
8.42718
8.42711
8.42703
8.42696
8.42689
8.42682
8.42675
8.42667
8.4266
8.42653
8.42646
8.42639
8.42631
8.42624
8.42617
8.4261
8.42603
8.42595
8.42588
8.42581
8.42574
8.42567
8.4256
8.42552
8.42545
8.42538
8.42531
8.42524
8.42516
8.42509
8.42502
8.42495
8.42488
8.4248
8.42473
8.42466
8.42459
8.42452
8.42444
8.42437
8.4243
8.42423
8.42416
8.42408
8.42401
8.42394
8.42387
8.4238
8.42372
8.42365
8.42358
8.42351
8.42344
8.42336
8.42329
8.42322
8.42315
8.42308
8.423
8.42293
8.42286
8.42279
8.42272
8.42264
8.42257
8.4225
8.42243
8.42236
8.42229
8.42221
8.42214
8.42207
8.422
8.42193
8.42185
8.42178
8.42171
8.42164
8.42157
8.42149
8.42142
8.42135
8.42128
8.42121
8.42113
8.42106
8.42099
8.42092
8.42085
8.42077
8.4207
8.42063
8.42056
8.42049
8.42041
8.42034
8.42027
8.4202
8.42013
8.42005
8.41998
8.41991
8.41984
8.41977
8.41969
8.41962
8.41955
8.41948
8.41941
8.41933
8.41926
8.41919
8.41912
8.41905
8.41898
8.4189
8.41883
8.41876
8.41869
8.41862
8.41854
8.41847
8.4184
8.41833
8.41826
8.41818
8.41811
8.41804
8.41797
8.4179
8.41782
8.41775
8.41768
8.41761
8.41754
8.41746
8.41739
8.41732
8.41725
8.41718
8.4171
8.41703
8.41696
8.41689
8.41682
8.41674
8.41667
8.4166
8.41653
8.41646
8.41638
8.41631
8.41624
8.41617
8.4161
8.41602
8.41595
8.41588
8.41581
8.41574
8.41566
8.41559
8.41552
8.41545
8.41538
8.41531
8.41523
8.41516
8.41509
8.41502
8.41495
8.41487
8.4148
8.41473
8.41466
8.41459
8.41451
8.41444
8.41437
8.4143
8.41423
8.41415
8.41408
8.41401
8.41394
8.41387
8.41379
8.41372
8.41365
8.41358
8.41351
8.41343
8.41336
8.41329
8.41322
8.41315
8.41307
8.413
8.41293
8.41286
8.41279
8.41271
8.41264
8.41257
8.4125
8.41243
8.41235
8.41228
8.41221
8.41214
8.41207
8.412
8.41192
8.41185
8.41178
8.41171
8.41164
8.41156
8.41149
8.41142
8.41135
8.41128
8.4112
8.41113
8.41106
8.41099
8.41092
8.41084
8.41077
8.4107
8.41063
8.41056
8.41048
8.41041
8.41034
8.41027
8.4102
8.41012
8.41005
8.40998
8.40991
8.40984
8.40976
8.40969
8.40962
8.40955
8.40948
8.4094
8.40933
8.40926
8.40919
8.40912
8.40904
8.40897
8.4089
8.40883
8.40876
8.40869
8.40861
8.40854
8.40847
8.4084
8.40833
8.40825
8.40818
8.40811
8.40804
8.40797
8.40789
8.40782
8.40775
8.40768
8.40761
8.40753
8.40746
8.40739
8.40732
8.40725
8.40717
8.4071
8.40703
8.40696
8.40689
8.40681
8.40674
8.40667
8.4066
8.40653
8.40645
8.40638
8.40631
8.40624
8.40617
8.40609
8.40602
8.40595
8.40588
8.40581
8.40573
8.40566
8.40559
8.40552
8.40545
8.40537
8.4053
8.40523
8.40516
8.40509
8.40502
8.40494
8.40487
8.4048
8.40473
8.40466
8.40458
8.40451
8.40444
8.40437
8.4043
8.40422
8.40415
8.40408
8.40401
8.40394
8.40386
8.40379
8.40372
8.40365
8.40358
8.4035
8.40343
8.40336
8.40329
8.40322
8.40314
8.40307
8.403
8.40293
8.40286
8.40278
8.40271
8.40264
8.40257
8.4025
8.40242
8.40235
8.40228
8.40221
8.40214
8.40206
8.40199
8.40192
8.40185
8.40178
8.40171
8.40163
8.40156
8.40149
8.40142
8.40135
8.40127
8.4012
8.40113
8.40106
8.40099
8.40091
8.40084
8.40077
8.4007
8.40063
8.40055
8.40048
8.40041
8.40034
8.40027
8.40019
8.40012
8.40005
8.39998
8.39991
8.39983
8.39976
8.39969
8.39962
8.39955
8.39947
8.3994
8.39933
8.39926
8.39919
8.39911
8.39904
8.39897
8.3989
8.39883
8.39875
8.39868
8.39861
8.39854
8.39847
8.39839
8.39832
8.39825
8.39818
8.39811
8.39804
8.39796
8.39789
8.39782
8.39775
8.39768
8.3976
8.39753
8.39746
8.39739
8.39732
8.39724
8.39717
8.3971
8.39703
8.39696
8.39688
8.39681
8.39674
8.39667
8.3966
8.39652
8.39645
8.39638
8.39631
8.39624
8.39616
8.39609
8.39602
8.39595
8.39588
8.3958
8.39573
8.39566
8.39559
8.39552
8.39544
8.39537
8.3953
8.39523
8.39516
8.39508
8.39501
8.39494
8.39487
8.3948
8.39473
8.39465
8.39458
8.39451
8.39444
8.39437
8.39429
8.39422
8.39415
8.39408
8.39401
8.39393
8.39386
8.39379
8.39372
8.39365
8.39357
8.3935
8.39343
8.39336
8.39329
8.39321
8.39314
8.39307
8.393
8.39293
8.39285
8.39278
8.39271
8.39264
8.39257
8.39249
8.39242
8.39235
8.39228
8.39221
8.39213
8.39206
8.39199
8.39192
8.39185
8.39177
8.3917
8.39163
8.39156
8.39149
8.39142
8.39134
8.39127
8.3912
8.39113
8.39106
8.39098
8.39091
8.39084
8.39077
8.3907
8.39062
8.39055
8.39048
8.39041
8.39034
8.39026
8.39019
8.39012
8.39005
8.38998
8.3899
8.38983
8.38976
8.38969
8.38962
8.38954
8.38947
8.3894
8.38933
8.38926
8.38918
8.38911
8.38904
8.38897
8.3889
8.38882
8.38875
8.38868
8.38861
8.38854
8.38846
8.38839
8.38832
8.38825
8.38818
8.3881
8.38803
8.38796
8.38789
8.38782
8.38775
8.38767
8.3876
8.38753
8.38746
8.38739
8.38731
8.38724
8.38717
8.3871
8.38703
8.38695
8.38688
8.38681
8.38674
8.38667
8.38659
8.38652
8.38645
8.38638
8.38631
8.38623
8.38616
8.38609
8.38602
8.38595
8.38587
8.3858
8.38573
8.38566
8.38559
8.38551
8.38544
8.38537
8.3853
8.38523
8.38515
8.38508
8.38501
8.38494
8.38487
8.38479
8.38472
8.38465
8.38458
8.38451
8.38444
8.38436
8.38429
8.38422
8.38415
8.38408
8.384
8.38393
8.38386
8.38379
8.38372
8.38364
8.38357
8.3835
8.38343
8.38336
8.38328
8.38321
8.38314
8.38307
8.383
8.38292
8.38285
8.38278
8.38271
8.38264
8.38256
8.38249
8.38242
8.38235
8.38228
8.3822
8.38213
8.38206
8.38199
8.38192
8.38184
8.38177
8.3817
8.38163
8.38156
8.38148
8.38141
8.38134
8.38127
8.3812
8.38113
8.38105
8.38098
8.38091
8.38084
8.38077
8.38069
8.38062
8.38055
8.38048
8.38041
8.38033
8.38026
8.38019
8.38012
8.38005
8.37997
8.3799
8.37983
8.37976
8.37969
8.37961
8.37954
8.37947
8.3794
8.37933
8.37925
8.37918
8.37911
8.37904
8.37897
8.37889
8.37882
8.37875
8.37868
8.37861
8.37853
8.37846
8.37839
8.37832
8.37825
8.37817
8.3781
8.37803
8.37796
8.37789
8.37781
8.37774
8.37767
8.3776
8.37753
8.37746
8.37738
8.37731
8.37724
8.37717
8.3771
8.37702
8.37695
8.37688
8.37681
8.37674
8.37666
8.37659
8.37652
8.37645
8.37638
8.3763
8.37623
8.37616
8.37609
8.37602
8.37594
8.37587
8.3758
8.37573
8.37566
8.37558
8.37551
8.37544
8.37537
8.3753
8.37522
8.37515
8.37508
8.37501
8.37494
8.37486
8.37479
8.37472
8.37465
8.37458
8.3745
8.37443
8.37436
8.37429
8.37422
8.37415
8.37407
8.374
8.37393
8.37386
8.37379
8.37371
8.37364
8.37357
8.3735
8.37343
8.37335
8.37328
8.37321
8.37314
8.37307
8.37299
8.37292
8.37285
8.37278
8.37271
8.37263
8.37256
8.37249
8.37242
8.37235
8.37227
8.3722
8.37213
8.37206
8.37199
8.37191
8.37184
8.37177
8.3717
8.37163
8.37155
8.37148
8.37141
8.37134
8.37127
8.37119
8.37112
8.37105
8.37098
8.37091
8.37084
8.37076
8.37069
8.37062
8.37055
8.37048
8.3704
8.37033
8.37026
8.37019
8.37012
8.37004
8.36997
8.3699
8.36983
8.36976
8.36968
8.36961
8.36954
8.36947
8.3694
8.36932
8.36925
8.36918
8.36911
8.36904
8.36896
8.36889
8.36882
8.36875
8.36868
8.3686
8.36853
8.36846
8.36839
8.36832
8.36824
8.36817
8.3681
8.36803
8.36796
8.36788
8.36781
8.36774
8.36767
8.3676
8.36752
8.36745
8.36738
8.36731
8.36724
8.36717
8.36709
8.36702
8.36695
8.36688
8.36681
8.36673
8.36666
8.36659
8.36652
8.36645
8.36637
8.3663
8.36623
8.36616
8.36609
8.36601
8.36594
8.36587
8.3658
8.36573
8.36565
8.36558
8.36551
8.36544
8.36537
8.36529
8.36522
8.36515
8.36508
8.36501
8.36493
8.36486
8.36479
8.36472
8.36465
8.36457
8.3645
8.36443
8.36436
8.36429
8.36421
8.36414
8.36407
8.364
8.36393
8.36386
8.36378
8.36371
8.36364
8.36357
8.3635
8.36342
8.36335
8.36328
8.36321
8.36314
8.36306
8.36299
8.36292
8.36285
8.36278
8.3627
8.36263
8.36256
8.36249
8.36242
8.36234
8.36227
8.3622
8.36213
8.36206
8.36198
8.36191
8.36184
8.36177
8.3617
8.36162
8.36155
8.36148
8.36141
8.36134
8.36126
8.36119
8.36112
8.36105
8.36098
8.3609
8.36083
8.36076
8.36069
8.36062
8.36054
8.36047
8.3604
8.36033
8.36026
8.36019
8.36011
8.36004
8.35997
8.3599
8.35983
8.35975
8.35968
8.35961
8.35954
8.35947
8.35939
8.35932
8.35925
8.35918
8.35911
8.35903
8.35896
8.35889
8.35882
8.35875
8.35867
8.3586
8.35853
8.35846
8.35839
8.35831
8.35824
8.35817
8.3581
8.35803
8.35795
8.35788
8.35781
8.35774
8.35767
8.35759
8.35752
8.35745
8.35738
8.35731
8.35723
8.35716
8.35709
8.35702
8.35695
8.35688
8.3568
8.35673
8.35666
8.35659
8.35652
8.35644
8.35637
8.3563
8.35623
8.35616
8.35608
8.35601
8.35594
8.35587
8.3558
8.35572
8.35565
8.35558
8.35551
8.35544
8.35536
8.35529
8.35522
8.35515
8.35508
8.355
8.35493
8.35486
8.35479
8.35472
8.35464
8.35457
8.3545
8.35443
8.35436
8.35428
8.35421
8.35414
8.35407
8.354
8.35392
8.35385
8.35378
8.35371
8.35364
8.35357
8.35349
8.35342
8.35335
8.35328
8.35321
8.35313
8.35306
8.35299
8.35292
8.35285
8.35277
8.3527
8.35263
8.35256
8.35249
8.35241
8.35234
8.35227
8.3522
8.35213
8.35205
8.35198
8.35191
8.35184
8.35177
8.35169
8.35162
8.35155
8.35148
8.35141
8.35133
8.35126
8.35119
8.35112
8.35105
8.35097
8.3509
8.35083
8.35076
8.35069
8.35061
8.35054
8.35047
8.3504
8.35033
8.35025
8.35018
8.35011
8.35004
8.34997
8.3499
8.34982
8.34975
8.34968
8.34961
8.34954
8.34946
8.34939
8.34932
8.34925
8.34918
8.3491
8.34903
8.34896
8.34889
8.34882
8.34874
8.34867
8.3486
8.34853
8.34846
8.34838
8.34831
8.34824
8.34817
8.3481
8.34802
8.34795
8.34788
8.34781
8.34774
8.34766
8.34759
8.34752
8.34745
8.34738
8.3473
8.34723
8.34716
8.34709
8.34702
8.34694
8.34687
8.3468
8.34673
8.34666
8.34659
8.34651
8.34644
8.34637
8.3463
8.34623
8.34615
8.34608
8.34601
8.34594
8.34587
8.34579
8.34572
8.34565
8.34558
8.34551
8.34543
8.34536
8.34529
8.34522
8.34515
8.34507
8.345
8.34493
8.34486
8.34479
8.34471
8.34464
8.34457
8.3445
8.34443
8.34435
8.34428
8.34421
8.34414
8.34407
8.34399
8.34392
8.34385
8.34378
8.34371
8.34363
8.34356
8.34349
8.34342
8.34335
8.34327
8.3432
8.34313
8.34306
8.34299
8.34292
8.34284
8.34277
8.3427
8.34263
8.34256
8.34248
8.34241
8.34234
8.34227
8.3422
8.34212
8.34205
8.34198
8.34191
8.34184
8.34176
8.34169
8.34162
8.34155
8.34148
8.3414
8.34133
8.34126
8.34119
8.34112
8.34104
8.34097
8.3409
8.34083
8.34076
8.34068
8.34061
8.34054
8.34047
8.3404
8.34032
8.34025
8.34018
8.34011
8.34004
8.33996
8.33989
8.33982
8.33975
8.33968
8.33961
8.33953
8.33946
8.33939
8.33932
8.33925
8.33917
8.3391
8.33903
8.33896
8.33889
8.33881
8.33874
8.33867
8.3386
8.33853
8.33845
8.33838
8.33831
8.33824
8.33817
8.33809
8.33802
8.33795
8.33788
8.33781
8.33773
8.33766
8.33759
8.33752
8.33745
8.33737
8.3373
8.33723
8.33716
8.33709
8.33701
8.33694
8.33687
8.3368
8.33673
8.33665
8.33658
8.33651
8.33644
8.33637
8.3363
8.33622
8.33615
8.33608
8.33601
8.33594
8.33586
8.33579
8.33572
8.33565
8.33558
8.3355
8.33543
8.33536
8.33529
8.33522
8.33514
8.33507
8.335
8.33493
8.33486
8.33478
8.33471
8.33464
8.33457
8.3345
8.33442
8.33435
8.33428
8.33421
8.33414
8.33406
8.33399
8.33392
8.33385
8.33378
8.3337
8.33363
8.33356
8.33349
8.33342
8.33334
8.33327
8.3332
8.33313
8.33306
8.33298
8.33291
8.33284
8.33277
8.3327
8.33263
8.33255
8.33248
8.33241
8.33234
8.33227
8.33219
8.33212
8.33205
8.33198
8.33191
8.33183
8.33176
8.33169
8.33162
8.33155
8.33147
8.3314
8.33133
8.33126
8.33119
8.33111
8.33104
8.33097
8.3309
8.33083
8.33075
8.33068
8.33061
8.33054
8.33047
8.33039
8.33032
8.33025
8.33018
8.33011
8.33003
8.32996
8.32989
8.32982
8.32975
8.32967
8.3296
8.32953
8.32946
8.32939
8.32932
8.32924
8.32917
8.3291
8.32903
8.32896
8.32888
8.32881
8.32874
8.32867
8.3286
8.32852
8.32845
8.32838
8.32831
8.32824
8.32816
8.32809
8.32802
8.32795
8.32788
8.3278
8.32773
8.32766
8.32759
8.32752
8.32744
8.32737
8.3273
8.32723
8.32716
8.32708
8.32701
8.32694
8.32687
8.3268
8.32672
8.32665
8.32658
8.32651
8.32644
8.32636
8.32629
8.32622
8.32615
8.32608
8.32601
8.32593
8.32586
8.32579
8.32572
8.32565
8.32557
8.3255
8.32543
8.32536
8.32529
8.32521
8.32514
8.32507
8.325
8.32493
8.32485
8.32478
8.32471
8.32464
8.32457
8.32449
8.32442
8.32435
8.32428
8.32421
8.32413
8.32406
8.32399
8.32392
8.32385
8.32377
8.3237
8.32363
8.32356
8.32349
8.32341
8.32334
8.32327
8.3232
8.32313
8.32305
8.32298
8.32291
8.32284
8.32277
8.32269
8.32262
8.32255
8.32248
8.32241
8.32234
8.32226
8.32219
8.32212
8.32205
8.32198
8.3219
8.32183
8.32176
8.32169
8.32162
8.32154
8.32147
8.3214
8.32133
8.32126
8.32118
8.32111
8.32104
8.32097
8.3209
8.32082
8.32075
8.32068
8.32061
8.32054
8.32046
8.32039
8.32032
8.32025
8.32018
8.3201
8.32003
8.31996
8.31989
8.31982
8.31974
8.31967
8.3196
8.31953
8.31946
8.31938
8.31931
8.31924
8.31917
8.3191
8.31903
8.31895
8.31888
8.31881
8.31874
8.31867
8.31859
8.31852
8.31845
8.31838
8.31831
8.31823
8.31816
8.31809
8.31802
8.31795
8.31787
8.3178
8.31773
8.31766
8.31759
8.31751
8.31744
8.31737
8.3173
8.31723
8.31715
8.31708
8.31701
8.31694
8.31687
8.31679
8.31672
8.31665
8.31658
8.31651
8.31643
8.31636
8.31629
8.31622
8.31615
8.31607
8.316
8.31593
8.31586
8.31579
8.31571
8.31564
8.31557
8.3155
8.31543
8.31536
8.31528
8.31521
8.31514
8.31507
8.315
8.31492
8.31485
8.31478
8.31471
8.31464
8.31456
8.31449
8.31442
8.31435
8.31428
8.3142
8.31413
8.31406
8.31399
8.31392
8.31384
8.31377
8.3137
8.31363
8.31356
8.31348
8.31341
8.31334
8.31327
8.3132
8.31312
8.31305
8.31298
8.31291
8.31284
8.31276
8.31269
8.31262
8.31255
8.31248
8.3124
8.31233
8.31226
8.31219
8.31212
8.31205
8.31197
8.3119
8.31183
8.31176
8.31169
8.31161
8.31154
8.31147
8.3114
8.31133
8.31125
8.31118
8.31111
8.31104
8.31097
8.31089
8.31082
8.31075
8.31068
8.31061
8.31053
8.31046
8.31039
8.31032
8.31025
8.31017
8.3101
8.31003
8.30996
8.30989
8.30981
8.30974
8.30967
8.3096
8.30953
8.30945
8.30938
8.30931
8.30924
8.30917
8.30909
8.30902
8.30895
8.30888
8.30881
8.30874
8.30866
8.30859
8.30852
8.30845
8.30838
8.3083
8.30823
8.30816
8.30809
8.30802
8.30794
8.30787
8.3078
8.30773
8.30766
8.30758
8.30751
8.30744
8.30737
8.3073
8.30722
8.30715
8.30708
8.30701
8.30694
8.30686
8.30679
8.30672
8.30665
8.30658
8.3065
8.30643
8.30636
8.30629
8.30622
8.30614
8.30607
8.306
8.30593
8.30586
8.30578
8.30571
8.30564
8.30557
8.3055
8.30542
8.30535
8.30528
8.30521
8.30514
8.30507
8.30499
8.30492
8.30485
8.30478
8.30471
8.30463
8.30456
8.30449
8.30442
8.30435
8.30427
8.3042
8.30413
8.30406
8.30399
8.30391
8.30384
8.30377
8.3037
8.30363
8.30355
8.30348
8.30341
8.30334
8.30327
8.30319
8.30312
8.30305
8.30298
8.30291
8.30283
8.30276
8.30269
8.30262
8.30255
8.30247
8.3024
8.30233
8.30226
8.30219
8.30211
8.30204
8.30197
8.3019
8.30183
8.30176
8.30168
8.30161
8.30154
8.30147
8.3014
8.30132
8.30125
8.30118
8.30111
8.30104
8.30096
8.30089
8.30082
8.30075
8.30068
8.3006
8.30053
8.30046
8.30039
8.30032
8.30024
8.30017
8.3001
8.30003
8.29996
8.29988
8.29981
8.29974
8.29967
8.2996
8.29952
8.29945
8.29938
8.29931
8.29924
8.29916
8.29909
8.29902
8.29895
8.29888
8.2988
8.29873
8.29866
8.29859
8.29852
8.29845
8.29837
8.2983
8.29823
8.29816
8.29809
8.29801
8.29794
8.29787
8.2978
8.29773
8.29765
8.29758
8.29751
8.29744
8.29737
8.29729
8.29722
8.29715
8.29708
8.29701
8.29693
8.29686
8.29679
8.29672
8.29665
8.29657
8.2965
8.29643
8.29636
8.29629
8.29621
8.29614
8.29607
8.296
8.29593
8.29585
8.29578
8.29571
8.29564
8.29557
8.29549
8.29542
8.29535
8.29528
8.29521
8.29513
8.29506
8.29499
8.29492
8.29485
8.29478
8.2947
8.29463
8.29456
8.29449
8.29442
8.29434
8.29427
8.2942
8.29413
8.29406
8.29398
8.29391
8.29384
8.29377
8.2937
8.29362
8.29355
8.29348
8.29341
8.29334
8.29326
8.29319
8.29312
8.29305
8.29298
8.2929
8.29283
8.29276
8.29269
8.29262
8.29254
8.29247
8.2924
8.29233
8.29226
8.29218
8.29211
8.29204
8.29197
8.2919
8.29182
8.29175
8.29168
8.29161
8.29154
8.29147
8.29139
8.29132
8.29125
8.29118
8.29111
8.29103
8.29096
8.29089
8.29082
8.29075
8.29067
8.2906
8.29053
8.29046
8.29039
8.29031
8.29024
8.29017
8.2901
8.29003
8.28995
8.28988
8.28981
8.28974
8.28967
8.28959
8.28952
8.28945
8.28938
8.28931
8.28923
8.28916
8.28909
8.28902
8.28895
8.28887
8.2888
8.28873
8.28866
8.28859
8.28851
8.28844
8.28837
8.2883
8.28823
8.28815
8.28808
8.28801
8.28794
8.28787
8.2878
8.28772
8.28765
8.28758
8.28751
8.28744
8.28736
8.28729
8.28722
8.28715
8.28708
8.287
8.28693
8.28686
8.28679
8.28672
8.28664
8.28657
8.2865
8.28643
8.28636
8.28628
8.28621
8.28614
8.28607
8.286
8.28592
8.28585
8.28578
8.28571
8.28564
8.28556
8.28549
8.28542
8.28535
8.28528
8.2852
8.28513
8.28506
8.28499
8.28492
8.28484
8.28477
8.2847
8.28463
8.28456
8.28449
8.28441
8.28434
8.28427
8.2842
8.28413
8.28405
8.28398
8.28391
8.28384
8.28377
8.28369
8.28362
8.28355
8.28348
8.28341
8.28333
8.28326
8.28319
8.28312
8.28305
8.28297
8.2829
8.28283
8.28276
8.28269
8.28261
8.28254
8.28247
8.2824
8.28233
8.28225
8.28218
8.28211
8.28204
8.28197
8.28189
8.28182
8.28175
8.28168
8.28161
8.28153
8.28146
8.28139
8.28132
8.28125
8.28118
8.2811
8.28103
8.28096
8.28089
8.28082
8.28074
8.28067
8.2806
8.28053
8.28046
8.28038
8.28031
8.28024
8.28017
8.2801
8.28002
8.27995
8.27988
8.27981
8.27974
8.27966
8.27959
8.27952
8.27945
8.27938
8.2793
8.27923
8.27916
8.27909
8.27902
8.27894
8.27887
8.2788
8.27873
8.27866
8.27858
8.27851
8.27844
8.27837
8.2783
8.27822
8.27815
8.27808
8.27801
8.27794
8.27786
8.27779
8.27772
8.27765
8.27758
8.27751
8.27743
8.27736
8.27729
8.27722
8.27715
8.27707
8.277
8.27693
8.27686
8.27679
8.27671
8.27664
8.27657
8.2765
8.27643
8.27635
8.27628
8.27621
8.27614
8.27607
8.27599
8.27592
8.27585
8.27578
8.27571
8.27563
8.27556
8.27549
8.27542
8.27535
8.27527
8.2752
8.27513
8.27506
8.27499
8.27491
8.27484
8.27477
8.2747
8.27463
8.27455
8.27448
8.27441
8.27434
8.27427
8.2742
8.27412
8.27405
8.27398
8.27391
8.27384
8.27376
8.27369
8.27362
8.27355
8.27348
8.2734
8.27333
8.27326
8.27319
8.27312
8.27304
8.27297
8.2729
8.27283
8.27276
8.27268
8.27261
8.27254
8.27247
8.2724
8.27232
8.27225
8.27218
8.27211
8.27204
8.27196
8.27189
8.27182
8.27175
8.27168
8.2716
8.27153
8.27146
8.27139
8.27132
8.27124
8.27117
8.2711
8.27103
8.27096
8.27088
8.27081
8.27074
8.27067
8.2706
8.27053
8.27045
8.27038
8.27031
8.27024
8.27017
8.27009
8.27002
8.26995
8.26988
8.26981
8.26973
8.26966
8.26959
8.26952
8.26945
8.26937
8.2693
8.26923
8.26916
8.26909
8.26901
8.26894
8.26887
8.2688
8.26873
8.26865
8.26858
8.26851
8.26844
8.26837
8.26829
8.26822
8.26815
8.26808
8.26801
8.26793
8.26786
8.26779
8.26772
8.26765
8.26757
8.2675
8.26743
8.26736
8.26729
8.26722
8.26714
8.26707
8.267
8.26693
8.26686
8.26678
8.26671
8.26664
8.26657
8.2665
8.26642
8.26635
8.26628
8.26621
8.26614
8.26606
8.26599
8.26592
8.26585
8.26578
8.2657
8.26563
8.26556
8.26549
8.26542
8.26534
8.26527
8.2652
8.26513
8.26506
8.26498
8.26491
8.26484
8.26477
8.2647
8.26462
8.26455
8.26448
8.26441
8.26434
8.26426
8.26419
8.26412
8.26405
8.26398
8.2639
8.26383
8.26376
8.26369
8.26362
8.26355
8.26347
8.2634
8.26333
8.26326
8.26319
8.26311
8.26304
8.26297
8.2629
8.26283
8.26275
8.26268
8.26261
8.26254
8.26247
8.26239
8.26232
8.26225
8.26218
8.26211
8.26203
8.26196
8.26189
8.26182
8.26175
8.26167
8.2616
8.26153
8.26146
8.26139
8.26131
8.26124
8.26117
8.2611
8.26103
8.26095
8.26088
8.26081
8.26074
8.26067
8.26059
8.26052
8.26045
8.26038
8.26031
8.26024
8.26016
8.26009
8.26002
8.25995
8.25988
8.2598
8.25973
8.25966
8.25959
8.25952
8.25944
8.25937
8.2593
8.25923
8.25916
8.25908
8.25901
8.25894
8.25887
8.2588
8.25872
8.25865
8.25858
8.25851
8.25844
8.25836
8.25829
8.25822
8.25815
8.25808
8.258
8.25793
8.25786
8.25779
8.25772
8.25764
8.25757
8.2575
8.25743
8.25736
8.25728
8.25721
8.25714
8.25707
8.257
8.25693
8.25685
8.25678
8.25671
8.25664
8.25657
8.25649
8.25642
8.25635
8.25628
8.25621
8.25613
8.25606
8.25599
8.25592
8.25585
8.25577
8.2557
8.25563
8.25556
8.25549
8.25541
8.25534
8.25527
8.2552
8.25513
8.25505
8.25498
8.25491
8.25484
8.25477
8.25469
8.25462
8.25455
8.25448
8.25441
8.25433
8.25426
8.25419
8.25412
8.25405
8.25397
8.2539
8.25383
8.25376
8.25369
8.25361
8.25354
8.25347
8.2534
8.25333
8.25326
8.25318
8.25311
8.25304
8.25297
8.2529
8.25282
8.25275
8.25268
8.25261
8.25254
8.25246
8.25239
8.25232
8.25225
8.25218
8.2521
8.25203
8.25196
8.25189
8.25182
8.25174
8.25167
8.2516
8.25153
8.25146
8.25138
8.25131
8.25124
8.25117
8.2511
8.25102
8.25095
8.25088
8.25081
8.25074
8.25066
8.25059
8.25052
8.25045
8.25038
8.2503
8.25023
8.25016
8.25009
8.25002
8.24995
8.24987
8.2498
8.24973
8.24966
8.24959
8.24951
8.24944
8.24937
8.2493
8.24923
8.24915
8.24908
8.24901
8.24894
8.24887
8.24879
8.24872
8.24865
8.24858
8.24851
8.24843
8.24836
8.24829
8.24822
8.24815
8.24807
8.248
8.24793
8.24786
8.24779
8.24771
8.24764
8.24757
8.2475
8.24743
8.24735
8.24728
8.24721
8.24714
8.24707
8.24699
8.24692
8.24685
8.24678
8.24671
8.24663
8.24656
8.24649
8.24642
8.24635
8.24628
8.2462
8.24613
8.24606
8.24599
8.24592
8.24584
8.24577
8.2457
8.24563
8.24556
8.24548
8.24541
8.24534
8.24527
8.2452
8.24512
8.24505
8.24498
8.24491
8.24484
8.24476
8.24469
8.24462
8.24455
8.24448
8.2444
8.24433
8.24426
8.24419
8.24412
8.24404
8.24397
8.2439
8.24383
8.24376
8.24368
8.24361
8.24354
8.24347
8.2434
8.24332
8.24325
8.24318
8.24311
8.24304
8.24297
8.24289
8.24282
8.24275
8.24268
8.24261
8.24253
8.24246
8.24239
8.24232
8.24225
8.24217
8.2421
8.24203
8.24196
8.24189
8.24181
8.24174
8.24167
8.2416
8.24153
8.24145
8.24138
8.24131
8.24124
8.24117
8.24109
8.24102
8.24095
8.24088
8.24081
8.24073
8.24066
8.24059
8.24052
8.24045
8.24037
8.2403
8.24023
8.24016
8.24009
8.24001
8.23994
8.23987
8.2398
8.23973
8.23965
8.23958
8.23951
8.23944
8.23937
8.2393
8.23922
8.23915
8.23908
8.23901
8.23894
8.23886
8.23879
8.23872
8.23865
8.23858
8.2385
8.23843
8.23836
8.23829
8.23822
8.23814
8.23807
8.238
8.23793
8.23786
8.23778
8.23771
8.23764
8.23757
8.2375
8.23742
8.23735
8.23728
8.23721
8.23714
8.23706
8.23699
8.23692
8.23685
8.23678
8.2367
8.23663
8.23656
8.23649
8.23642
8.23634
8.23627
8.2362
8.23613
8.23606
8.23598
8.23591
8.23584
8.23577
8.2357
8.23563
8.23555
8.23548
8.23541
8.23534
8.23527
8.23519
8.23512
8.23505
8.23498
8.23491
8.23483
8.23476
8.23469
8.23462
8.23455
8.23447
8.2344
8.23433
8.23426
8.23419
8.23411
8.23404
8.23397
8.2339
8.23383
8.23375
8.23368
8.23361
8.23354
8.23347
8.23339
8.23332
8.23325
8.23318
8.23311
8.23303
8.23296
8.23289
8.23282
8.23275
8.23267
8.2326
8.23253
8.23246
8.23239
8.23232
8.23224
8.23217
8.2321
8.23203
8.23196
8.23188
8.23181
8.23174
8.23167
8.2316
8.23152
8.23145
8.23138
8.23131
8.23124
8.23116
8.23109
8.23102
8.23095
8.23088
8.2308
8.23073
8.23066
8.23059
8.23052
8.23044
8.23037
8.2303
8.23023
8.23016
8.23008
8.23001
8.22994
8.22987
8.2298
8.22972
8.22965
8.22958
8.22951
8.22944
8.22936
8.22929
8.22922
8.22915
8.22908
8.229
8.22893
8.22886
8.22879
8.22872
8.22865
8.22857
8.2285
8.22843
8.22836
8.22829
8.22821
8.22814
8.22807
8.228
8.22793
8.22785
8.22778
8.22771
8.22764
8.22757
8.22749
8.22742
8.22735
8.22728
8.22721
8.22713
8.22706
8.22699
8.22692
8.22685
8.22677
8.2267
8.22663
8.22656
8.22649
8.22641
8.22634
8.22627
8.2262
8.22613
8.22605
8.22598
8.22591
8.22584
8.22577
8.22569
8.22562
8.22555
8.22548
8.22541
8.22534
8.22526
8.22519
8.22512
8.22505
8.22498
8.2249
8.22483
8.22476
8.22469
8.22462
8.22454
8.22447
8.2244
8.22433
8.22426
8.22418
8.22411
8.22404
8.22397
8.2239
8.22382
8.22375
8.22368
8.22361
8.22354
8.22346
8.22339
8.22332
8.22325
8.22318
8.2231
8.22303
8.22296
8.22289
8.22282
8.22274
8.22267
8.2226
8.22253
8.22246
8.22238
8.22231
8.22224
8.22217
8.2221
8.22202
8.22195
8.22188
8.22181
8.22174
8.22167
8.22159
8.22152
8.22145
8.22138
8.22131
8.22123
8.22116
8.22109
8.22102
8.22095
8.22087
8.2208
8.22073
8.22066
8.22059
8.22051
8.22044
8.22037
8.2203
8.22023
8.22015
8.22008
8.22001
8.21994
8.21987
8.21979
8.21972
8.21965
8.21958
8.21951
8.21943
8.21936
8.21929
8.21922
8.21915
8.21907
8.219
8.21893
8.21886
8.21879
8.21871
8.21864
8.21857
8.2185
8.21843
8.21835
8.21828
8.21821
8.21814
8.21807
8.218
8.21792
8.21785
8.21778
8.21771
8.21764
8.21756
8.21749
8.21742
8.21735
8.21728
8.2172
8.21713
8.21706
8.21699
8.21692
8.21684
8.21677
8.2167
8.21663
8.21656
8.21648
8.21641
8.21634
8.21627
8.2162
8.21612
8.21605
8.21598
8.21591
8.21584
8.21576
8.21569
8.21562
8.21555
8.21548
8.2154
8.21533
8.21526
8.21519
8.21512
8.21504
8.21497
8.2149
8.21483
8.21476
8.21468
8.21461
8.21454
8.21447
8.2144
8.21433
8.21425
8.21418
8.21411
8.21404
8.21397
8.21389
8.21382
8.21375
8.21368
8.21361
8.21353
8.21346
8.21339
8.21332
8.21325
8.21317
8.2131
8.21303
8.21296
8.21289
8.21281
8.21274
8.21267
8.2126
8.21253
8.21245
8.21238
8.21231
8.21224
8.21217
8.21209
8.21202
8.21195
8.21188
8.21181
8.21173
8.21166
8.21159
8.21152
8.21145
8.21137
8.2113
8.21123
8.21116
8.21109
8.21102
8.21094
8.21087
8.2108
8.21073
8.21066
8.21058
8.21051
8.21044
8.21037
8.2103
8.21022
8.21015
8.21008
8.21001
8.20994
8.20986
8.20979
8.20972
8.20965
8.20958
8.2095
8.20943
8.20936
8.20929
8.20922
8.20914
8.20907
8.209
8.20893
8.20886
8.20878
8.20871
8.20864
8.20857
8.2085
8.20842
8.20835
8.20828
8.20821
8.20814
8.20806
8.20799
8.20792
8.20785
8.20778
8.2077
8.20763
8.20756
8.20749
8.20742
8.20735
8.20727
8.2072
8.20713
8.20706
8.20699
8.20691
8.20684
8.20677
8.2067
8.20663
8.20655
8.20648
8.20641
8.20634
8.20627
8.20619
8.20612
8.20605
8.20598
8.20591
8.20583
8.20576
8.20569
8.20562
8.20555
8.20547
8.2054
8.20533
8.20526
8.20519
8.20511
8.20504
8.20497
8.2049
8.20483
8.20475
8.20468
8.20461
8.20454
8.20447
8.20439
8.20432
8.20425
8.20418
8.20411
8.20403
8.20396
8.20389
8.20382
8.20375
8.20368
8.2036
8.20353
8.20346
8.20339
8.20332
8.20324
8.20317
8.2031
8.20303
8.20296
8.20288
8.20281
8.20274
8.20267
8.2026
8.20252
8.20245
8.20238
8.20231
8.20224
8.20216
8.20209
8.20202
8.20195
8.20188
8.2018
8.20173
8.20166
8.20159
8.20152
8.20144
8.20137
8.2013
8.20123
8.20116
8.20108
8.20101
8.20094
8.20087
8.2008
8.20072
8.20065
8.20058
8.20051
8.20044
8.20036
8.20029
8.20022
8.20015
8.20008
8.2
8.19993
8.19986
8.19979
8.19972
8.19965
8.19957
8.1995
8.19943
8.19936
8.19929
8.19921
8.19914
8.19907
8.199
8.19893
8.19885
8.19878
8.19871
8.19864
8.19857
8.19849
8.19842
8.19835
8.19828
8.19821
8.19813
8.19806
8.19799
8.19792
8.19785
8.19777
8.1977
8.19763
8.19756
8.19749
8.19741
8.19734
8.19727
8.1972
8.19713
8.19705
8.19698
8.19691
8.19684
8.19677
8.19669
8.19662
8.19655
8.19648
8.19641
8.19633
8.19626
8.19619
8.19612
8.19605
8.19598
8.1959
8.19583
8.19576
8.19569
8.19562
8.19554
8.19547
8.1954
8.19533
8.19526
8.19518
8.19511
8.19504
8.19497
8.1949
8.19482
8.19475
8.19468
8.19461
8.19454
8.19446
8.19439
8.19432
8.19425
8.19418
8.1941
8.19403
8.19396
8.19389
8.19382
8.19374
8.19367
8.1936
8.19353
8.19346
8.19338
8.19331
8.19324
8.19317
8.1931
8.19302
8.19295
8.19288
8.19281
8.19274
8.19266
8.19259
8.19252
8.19245
8.19238
8.19231
8.19223
8.19216
8.19209
8.19202
8.19195
8.19187
8.1918
8.19173
8.19166
8.19159
8.19151
8.19144
8.19137
8.1913
8.19123
8.19115
8.19108
8.19101
8.19094
8.19087
8.19079
8.19072
8.19065
8.19058
8.19051
8.19043
8.19036
8.19029
8.19022
8.19015
8.19007
8.19
8.18993
8.18986
8.18979
8.18971
8.18964
8.18957
8.1895
8.18943
8.18935
8.18928
8.18921
8.18914
8.18907
8.18899
8.18892
8.18885
8.18878
8.18871
8.18863
8.18856
8.18849
8.18842
8.18835
8.18828
8.1882
8.18813
8.18806
8.18799
8.18792
8.18784
8.18777
8.1877
8.18763
8.18756
8.18748
8.18741
8.18734
8.18727
8.1872
8.18712
8.18705
8.18698
8.18691
8.18684
8.18676
8.18669
8.18662
8.18655
8.18648
8.1864
8.18633
8.18626
8.18619
8.18612
8.18604
8.18597
8.1859
8.18583
8.18576
8.18568
8.18561
8.18554
8.18547
8.1854
8.18532
8.18525
8.18518
8.18511
8.18504
8.18496
8.18489
8.18482
8.18475
8.18468
8.1846
8.18453
8.18446
8.18439
8.18432
8.18425
8.18417
8.1841
8.18403
8.18396
8.18389
8.18381
8.18374
8.18367
8.1836
8.18353
8.18345
8.18338
8.18331
8.18324
8.18317
8.18309
8.18302
8.18295
8.18288
8.18281
8.18273
8.18266
8.18259
8.18252
8.18245
8.18237
8.1823
8.18223
8.18216
8.18209
8.18201
8.18194
8.18187
8.1818
8.18173
8.18165
8.18158
8.18151
8.18144
8.18137
8.18129
8.18122
8.18115
8.18108
8.18101
8.18093
8.18086
8.18079
8.18072
8.18065
8.18057
8.1805
8.18043
8.18036
8.18029
8.18022
8.18014
8.18007
8.18
8.17993
8.17986
8.17978
8.17971
8.17964
8.17957
8.1795
8.17942
8.17935
8.17928
8.17921
8.17914
8.17906
8.17899
8.17892
8.17885
8.17878
8.1787
8.17863
8.17856
8.17849
8.17842
8.17834
8.17827
8.1782
8.17813
8.17806
8.17798
8.17791
8.17784
8.17777
8.1777
8.17762
8.17755
8.17748
8.17741
8.17734
8.17726
8.17719
8.17712
8.17705
8.17698
8.1769
8.17683
8.17676
8.17669
8.17662
8.17654
8.17647
8.1764
8.17633
8.17626
8.17619
8.17611
8.17604
8.17597
8.1759
8.17583
8.17575
8.17568
8.17561
8.17554
8.17547
8.17539
8.17532
8.17525
8.17518
8.17511
8.17503
8.17496
8.17489
8.17482
8.17475
8.17467
8.1746
8.17453
8.17446
8.17439
8.17431
8.17424
8.17417
8.1741
8.17403
8.17395
8.17388
8.17381
8.17374
8.17367
8.17359
8.17352
8.17345
8.17338
8.17331
8.17323
8.17316
8.17309
8.17302
8.17295
8.17287
8.1728
8.17273
8.17266
8.17259
8.17251
8.17244
8.17237
8.1723
8.17223
8.17215
8.17208
8.17201
8.17194
8.17187
8.1718
8.17172
8.17165
8.17158
8.17151
8.17144
8.17136
8.17129
8.17122
8.17115
8.17108
8.171
8.17093
8.17086
8.17079
8.17072
8.17064
8.17057
8.1705
8.17043
8.17036
8.17028
8.17021
8.17014
8.17007
8.17
8.16992
8.16985
8.16978
8.16971
8.16964
8.16956
8.16949
8.16942
8.16935
8.16928
8.1692
8.16913
8.16906
8.16899
8.16892
8.16884
8.16877
8.1687
8.16863
8.16856
8.16848
8.16841
8.16834
8.16827
8.1682
8.16812
8.16805
8.16798
8.16791
8.16784
8.16776
8.16769
8.16762
8.16755
8.16748
8.16741
8.16733
8.16726
8.16719
8.16712
8.16705
8.16697
8.1669
8.16683
8.16676
8.16669
8.16661
8.16654
8.16647
8.1664
8.16633
8.16625
8.16618
8.16611
8.16604
8.16597
8.16589
8.16582
8.16575
8.16568
8.16561
8.16553
8.16546
8.16539
8.16532
8.16525
8.16517
8.1651
8.16503
8.16496
8.16489
8.16481
8.16474
8.16467
8.1646
8.16453
8.16445
8.16438
8.16431
8.16424
8.16417
8.16409
8.16402
8.16395
8.16388
8.16381
8.16373
8.16366
8.16359
8.16352
8.16345
8.16337
8.1633
8.16323
8.16316
8.16309
8.16301
8.16294
8.16287
8.1628
8.16273
8.16265
8.16258
8.16251
8.16244
8.16237
8.1623
8.16222
8.16215
8.16208
8.16201
8.16194
8.16186
8.16179
8.16172
8.16165
8.16158
8.1615
8.16143
8.16136
8.16129
8.16122
8.16114
8.16107
8.161
8.16093
8.16086
8.16078
8.16071
8.16064
8.16057
8.1605
8.16042
8.16035
8.16028
8.16021
8.16014
8.16006
8.15999
8.15992
8.15985
8.15978
8.1597
8.15963
8.15956
8.15949
8.15942
8.15934
8.15927
8.1592
8.15913
8.15906
8.15898
8.15891
8.15884
8.15877
8.1587
8.15862
8.15855
8.15848
8.15841
8.15834
8.15826
8.15819
8.15812
8.15805
8.15798
8.1579
8.15783
8.15776
8.15769
8.15762
8.15754
8.15747
8.1574
8.15733
8.15726
8.15719
8.15711
8.15704
8.15697
8.1569
8.15683
8.15675
8.15668
8.15661
8.15654
8.15647
8.15639
8.15632
8.15625
8.15618
8.15611
8.15603
8.15596
8.15589
8.15582
8.15575
8.15567
8.1556
8.15553
8.15546
8.15539
8.15531
8.15524
8.15517
8.1551
8.15503
8.15495
8.15488
8.15481
8.15474
8.15467
8.15459
8.15452
8.15445
8.15438
8.15431
8.15423
8.15416
8.15409
8.15402
8.15395
8.15387
8.1538
8.15373
8.15366
8.15359
8.15351
8.15344
8.15337
8.1533
8.15323
8.15315
8.15308
8.15301
8.15294
8.15287
8.15279
8.15272
8.15265
8.15258
8.15251
8.15243
8.15236
8.15229
8.15222
8.15215
8.15207
8.152
8.15193
8.15186
8.15179
8.15171
8.15164
8.15157
8.1515
8.15143
8.15135
8.15128
8.15121
8.15114
8.15107
8.151
8.15092
8.15085
8.15078
8.15071
8.15064
8.15056
8.15049
8.15042
8.15035
8.15028
8.1502
8.15013
8.15006
8.14999
8.14992
8.14984
8.14977
8.1497
8.14963
8.14956
8.14948
8.14941
8.14934
8.14927
8.1492
8.14912
8.14905
8.14898
8.14891
8.14884
8.14876
8.14869
8.14862
8.14855
8.14848
8.1484
8.14833
8.14826
8.14819
8.14812
8.14804
8.14797
8.1479
8.14783
8.14776
8.14768
8.14761
8.14754
8.14747
8.1474
8.14732
8.14725
8.14718
8.14711
8.14704
8.14696
8.14689
8.14682
8.14675
8.14668
8.1466
8.14653
8.14646
8.14639
8.14632
8.14624
8.14617
8.1461
8.14603
8.14596
8.14588
8.14581
8.14574
8.14567
8.1456
8.14552
8.14545
8.14538
8.14531
8.14524
8.14516
8.14509
8.14502
8.14495
8.14488
8.1448
8.14473
8.14466
8.14459
8.14452
8.14444
8.14437
8.1443
8.14423
8.14416
8.14408
8.14401
8.14394
8.14387
8.1438
8.14372
8.14365
8.14358
8.14351
8.14344
8.14336
8.14329
8.14322
8.14315
8.14308
8.143
8.14293
8.14286
8.14279
8.14272
8.14265
8.14257
8.1425
8.14243
8.14236
8.14229
8.14221
8.14214
8.14207
8.142
8.14193
8.14185
8.14178
8.14171
8.14164
8.14157
8.14149
8.14142
8.14135
8.14128
8.14121
8.14113
8.14106
8.14099
8.14092
8.14085
8.14077
8.1407
8.14063
8.14056
8.14049
8.14041
8.14034
8.14027
8.1402
8.14013
8.14005
8.13998
8.13991
8.13984
8.13977
8.13969
8.13962
8.13955
8.13948
8.13941
8.13933
8.13926
8.13919
8.13912
8.13905
8.13897
8.1389
8.13883
8.13876
8.13869
8.13861
8.13854
8.13847
8.1384
8.13833
8.13825
8.13818
8.13811
8.13804
8.13797
8.13789
8.13782
8.13775
8.13768
8.13761
8.13753
8.13746
8.13739
8.13732
8.13725
8.13717
8.1371
8.13703
8.13696
8.13689
8.13681
8.13674
8.13667
8.1366
8.13653
8.13645
8.13638
8.13631
8.13624
8.13617
8.13609
8.13602
8.13595
8.13588
8.13581
8.13573
8.13566
8.13559
8.13552
8.13545
8.13537
8.1353
8.13523
8.13516
8.13509
8.13501
8.13494
8.13487
8.1348
8.13473
8.13465
8.13458
8.13451
8.13444
8.13437
8.13429
8.13422
8.13415
8.13408
8.13401
8.13393
8.13386
8.13379
8.13372
8.13365
8.13357
8.1335
8.13343
8.13336
8.13329
8.13321
8.13314
8.13307
8.133
8.13293
8.13285
8.13278
8.13271
8.13264
8.13257
8.13249
8.13242
8.13235
8.13228
8.13221
8.13213
8.13206
8.13199
8.13192
8.13185
8.13177
8.1317
8.13163
8.13156
8.13149
8.13141
8.13134
8.13127
8.1312
8.13113
8.13105
8.13098
8.13091
8.13084
8.13077
8.13069
8.13062
8.13055
8.13048
8.13041
8.13033
8.13026
8.13019
8.13012
8.13005
8.12997
8.1299
8.12983
8.12976
8.12969
8.12961
8.12954
8.12947
8.1294
8.12933
8.12925
8.12918
8.12911
8.12904
8.12897
8.12889
8.12882
8.12875
8.12868
8.12861
8.12853
8.12846
8.12839
8.12832
8.12825
8.12817
8.1281
8.12803
8.12796
8.12789
8.12781
8.12774
8.12767
8.1276
8.12753
8.12745
8.12738
8.12731
8.12724
8.12717
8.12709
8.12702
8.12695
8.12688
8.12681
8.12673
8.12666
8.12659
8.12652
8.12645
8.12637
8.1263
8.12623
8.12616
8.12609
8.12601
8.12594
8.12587
8.1258
8.12573
8.12565
8.12558
8.12551
8.12544
8.12537
8.12529
8.12522
8.12515
8.12508
8.12501
8.12493
8.12486
8.12479
8.12472
8.12465
8.12457
8.1245
8.12443
8.12436
8.12429
8.12421
8.12414
8.12407
8.124
8.12393
8.12385
8.12378
8.12371
8.12364
8.12357
8.12349
8.12342
8.12335
8.12328
8.1232
8.12313
8.12306
8.12299
8.12292
8.12284
8.12277
8.1227
8.12263
8.12256
8.12248
8.12241
8.12234
8.12227
8.1222
8.12212
8.12205
8.12198
8.12191
8.12184
8.12176
8.12169
8.12162
8.12155
8.12148
8.1214
8.12133
8.12126
8.12119
8.12112
8.12104
8.12097
8.1209
8.12083
8.12076
8.12068
8.12061
8.12054
8.12047
8.1204
8.12032
8.12025
8.12018
8.12011
8.12004
8.11996
8.11989
8.11982
8.11975
8.11968
8.1196
8.11953
8.11946
8.11939
8.11932
8.11924
8.11917
8.1191
8.11903
8.11896
8.11888
8.11881
8.11874
8.11867
8.1186
8.11852
8.11845
8.11838
8.11831
8.11824
8.11816
8.11809
8.11802
8.11795
8.11788
8.1178
8.11773
8.11766
8.11759
8.11752
8.11744
8.11737
8.1173
8.11723
8.11715
8.11708
8.11701
8.11694
8.11687
8.11679
8.11672
8.11665
8.11658
8.11651
8.11643
8.11636
8.11629
8.11622
8.11615
8.11607
8.116
8.11593
8.11586
8.11579
8.11571
8.11564
8.11557
8.1155
8.11543
8.11535
8.11528
8.11521
8.11514
8.11507
8.11499
8.11492
8.11485
8.11478
8.11471
8.11463
8.11456
8.11449
8.11442
8.11435
8.11427
8.1142
8.11413
8.11406
8.11399
8.11391
8.11384
8.11377
8.1137
8.11362
8.11355
8.11348
8.11341
8.11334
8.11326
8.11319
8.11312
8.11305
8.11298
8.1129
8.11283
8.11276
8.11269
8.11262
8.11254
8.11247
8.1124
8.11233
8.11226
8.11218
8.11211
8.11204
8.11197
8.1119
8.11182
8.11175
8.11168
8.11161
8.11154
8.11146
8.11139
8.11132
8.11125
8.11118
8.1111
8.11103
8.11096
8.11089
8.11082
8.11074
8.11067
8.1106
8.11053
8.11045
8.11038
8.11031
8.11024
8.11017
8.11009
8.11002
8.10995
8.10988
8.10981
8.10973
8.10966
8.10959
8.10952
8.10945
8.10937
8.1093
8.10923
8.10916
8.10909
8.10901
8.10894
8.10887
8.1088
8.10873
8.10865
8.10858
8.10851
8.10844
8.10837
8.10829
8.10822
8.10815
8.10808
8.108
8.10793
8.10786
8.10779
8.10772
8.10764
8.10757
8.1075
8.10743
8.10736
8.10728
8.10721
8.10714
8.10707
8.107
8.10692
8.10685
8.10678
8.10671
8.10664
8.10656
8.10649
8.10642
8.10635
8.10628
8.1062
8.10613
8.10606
8.10599
8.10591
8.10584
8.10577
8.1057
8.10563
8.10555
8.10548
8.10541
8.10534
8.10527
8.10519
8.10512
8.10505
8.10498
8.10491
8.10483
8.10476
8.10469
8.10462
8.10455
8.10447
8.1044
8.10433
8.10426
8.10419
8.10411
8.10404
8.10397
8.1039
8.10382
8.10375
8.10368
8.10361
8.10354
8.10346
8.10339
8.10332
8.10325
8.10318
8.1031
8.10303
8.10296
8.10289
8.10282
8.10274
8.10267
8.1026
8.10253
8.10246
8.10238
8.10231
8.10224
8.10217
8.10209
8.10202
8.10195
8.10188
8.10181
8.10173
8.10166
8.10159
8.10152
8.10145
8.10137
8.1013
8.10123
8.10116
8.10109
8.10101
8.10094
8.10087
8.1008
8.10072
8.10065
8.10058
8.10051
8.10044
8.10036
8.10029
8.10022
8.10015
8.10008
8.1
8.09993
8.09986
8.09979
8.09972
8.09964
8.09957
8.0995
8.09943
8.09935
8.09928
8.09921
8.09914
8.09907
8.09899
8.09892
8.09885
8.09878
8.09871
8.09863
8.09856
8.09849
8.09842
8.09835
8.09827
8.0982
8.09813
8.09806
8.09798
8.09791
8.09784
8.09777
8.0977
8.09762
8.09755
8.09748
8.09741
8.09734
8.09726
8.09719
8.09712
8.09705
8.09698
8.0969
8.09683
8.09676
8.09669
8.09661
8.09654
8.09647
8.0964
8.09633
8.09625
8.09618
8.09611
8.09604
8.09597
8.09589
8.09582
8.09575
8.09568
8.0956
8.09553
8.09546
8.09539
8.09532
8.09524
8.09517
8.0951
8.09503
8.09496
8.09488
8.09481
8.09474
8.09467
8.0946
8.09452
8.09445
8.09438
8.09431
8.09423
8.09416
8.09409
8.09402
8.09395
8.09387
8.0938
8.09373
8.09366
8.09359
8.09351
8.09344
8.09337
8.0933
8.09322
8.09315
8.09308
8.09301
8.09294
8.09286
8.09279
8.09272
8.09265
8.09258
8.0925
8.09243
8.09236
8.09229
8.09221
8.09214
8.09207
8.092
8.09193
8.09185
8.09178
8.09171
8.09164
8.09157
8.09149
8.09142
8.09135
8.09128
8.0912
8.09113
8.09106
8.09099
8.09092
8.09084
8.09077
8.0907
8.09063
8.09055
8.09048
8.09041
8.09034
8.09027
8.09019
8.09012
8.09005
8.08998
8.08991
8.08983
8.08976
8.08969
8.08962
8.08954
8.08947
8.0894
8.08933
8.08926
8.08918
8.08911
8.08904
8.08897
8.08889
8.08882
8.08875
8.08868
8.08861
8.08853
8.08846
8.08839
8.08832
8.08825
8.08817
8.0881
8.08803
8.08796
8.08788
8.08781
8.08774
8.08767
8.0876
8.08752
8.08745
8.08738
8.08731
8.08723
8.08716
8.08709
8.08702
8.08695
8.08687
8.0868
8.08673
8.08666
8.08659
8.08651
8.08644
8.08637
8.0863
8.08622
8.08615
8.08608
8.08601
8.08594
8.08586
8.08579
8.08572
8.08565
8.08557
8.0855
8.08543
8.08536
8.08529
8.08521
8.08514
8.08507
8.085
8.08492
8.08485
8.08478
8.08471
8.08464
8.08456
8.08449
8.08442
8.08435
8.08427
8.0842
8.08413
8.08406
8.08399
8.08391
8.08384
8.08377
8.0837
8.08362
8.08355
8.08348
8.08341
8.08334
8.08326
8.08319
8.08312
8.08305
8.08297
8.0829
8.08283
8.08276
8.08269
8.08261
8.08254
8.08247
8.0824
8.08232
8.08225
8.08218
8.08211
8.08204
8.08196
8.08189
8.08182
8.08175
8.08167
8.0816
8.08153
8.08146
8.08139
8.08131
8.08124
8.08117
8.0811
8.08102
8.08095
8.08088
8.08081
8.08073
8.08066
8.08059
8.08052
8.08045
8.08037
8.0803
8.08023
8.08016
8.08008
8.08001
8.07994
8.07987
8.0798
8.07972
8.07965
8.07958
8.07951
8.07943
8.07936
8.07929
8.07922
8.07915
8.07907
8.079
8.07893
8.07886
8.07878
8.07871
8.07864
8.07857
8.07849
8.07842
8.07835
8.07828
8.07821
8.07813
8.07806
8.07799
8.07792
8.07784
8.07777
8.0777
8.07763
8.07756
8.07748
8.07741
8.07734
8.07727
8.07719
8.07712
8.07705
8.07698
8.0769
8.07683
8.07676
8.07669
8.07662
8.07654
8.07647
8.0764
8.07633
8.07625
8.07618
8.07611
8.07604
8.07596
8.07589
8.07582
8.07575
8.07568
8.0756
8.07553
8.07546
8.07539
8.07531
8.07524
8.07517
8.0751
8.07502
8.07495
8.07488
8.07481
8.07473
8.07466
8.07459
8.07452
8.07445
8.07437
8.0743
8.07423
8.07416
8.07408
8.07401
8.07394
8.07387
8.07379
8.07372
8.07365
8.07358
8.07351
8.07343
8.07336
8.07329
8.07322
8.07314
8.07307
8.073
8.07293
8.07285
8.07278
8.07271
8.07264
8.07256
8.07249
8.07242
8.07235
8.07228
8.0722
8.07213
8.07206
8.07199
8.07191
8.07184
8.07177
8.0717
8.07162
8.07155
8.07148
8.07141
8.07133
8.07126
8.07119
8.07112
8.07104
8.07097
8.0709
8.07083
8.07076
8.07068
8.07061
8.07054
8.07047
8.07039
8.07032
8.07025
8.07018
8.0701
8.07003
8.06996
8.06989
8.06981
8.06974
8.06967
8.0696
8.06952
8.06945
8.06938
8.06931
8.06923
8.06916
8.06909
8.06902
8.06895
8.06887
8.0688
8.06873
8.06866
8.06858
8.06851
8.06844
8.06837
8.06829
8.06822
8.06815
8.06808
8.068
8.06793
8.06786
8.06779
8.06771
8.06764
8.06757
8.0675
8.06742
8.06735
8.06728
8.06721
8.06713
8.06706
8.06699
8.06692
8.06684
8.06677
8.0667
8.06663
8.06655
8.06648
8.06641
8.06634
8.06626
8.06619
8.06612
8.06605
8.06598
8.0659
8.06583
8.06576
8.06569
8.06561
8.06554
8.06547
8.0654
8.06532
8.06525
8.06518
8.06511
8.06503
8.06496
8.06489
8.06482
8.06474
8.06467
8.0646
8.06453
8.06445
8.06438
8.06431
8.06424
8.06416
8.06409
8.06402
8.06395
8.06387
8.0638
8.06373
8.06366
8.06358
8.06351
8.06344
8.06337
8.06329
8.06322
8.06315
8.06307
8.063
8.06293
8.06286
8.06278
8.06271
8.06264
8.06257
8.06249
8.06242
8.06235
8.06228
8.0622
8.06213
8.06206
8.06199
8.06191
8.06184
8.06177
8.0617
8.06162
8.06155
8.06148
8.06141
8.06133
8.06126
8.06119
8.06112
8.06104
8.06097
8.0609
8.06083
8.06075
8.06068
8.06061
8.06054
8.06046
8.06039
8.06032
8.06025
8.06017
8.0601
8.06003
8.05995
8.05988
8.05981
8.05974
8.05966
8.05959
8.05952
8.05945
8.05937
8.0593
8.05923
8.05916
8.05908
8.05901
8.05894
8.05887
8.05879
8.05872
8.05865
8.05857
8.0585
8.05843
8.05836
8.05828
8.05821
8.05814
8.05807
8.05799
8.05792
8.05785
8.05778
8.0577
8.05763
8.05756
8.05749
8.05741
8.05734
8.05727
8.05719
8.05712
8.05705
8.05698
8.0569
8.05683
8.05676
8.05669
8.05661
8.05654
8.05647
8.05639
8.05632
8.05625
8.05618
8.0561
8.05603
8.05596
8.05589
8.05581
8.05574
8.05567
8.0556
8.05552
8.05545
8.05538
8.0553
8.05523
8.05516
8.05509
8.05501
8.05494
8.05487
8.0548
8.05472
8.05465
8.05458
8.0545
8.05443
8.05436
8.05429
8.05421
8.05414
8.05407
8.05399
8.05392
8.05385
8.05378
8.0537
8.05363
8.05356
8.05349
8.05341
8.05334
8.05327
8.05319
8.05312
8.05305
8.05298
8.0529
8.05283
8.05276
8.05268
8.05261
8.05254
8.05247
8.05239
8.05232
8.05225
8.05218
8.0521
8.05203
8.05196
8.05188
8.05181
8.05174
8.05167
8.05159
8.05152
8.05145
8.05137
8.0513
8.05123
8.05116
8.05108
8.05101
8.05094
8.05086
8.05079
8.05072
8.05065
8.05057
8.0505
8.05043
8.05035
8.05028
8.05021
8.05014
8.05006
8.04999
8.04992
8.04984
8.04977
8.0497
8.04962
8.04955
8.04948
8.04941
8.04933
8.04926
8.04919
8.04911
8.04904
8.04897
8.0489
8.04882
8.04875
8.04868
8.0486
8.04853
8.04846
8.04839
8.04831
8.04824
8.04817
8.04809
8.04802
8.04795
8.04787
8.0478
8.04773
8.04766
8.04758
8.04751
8.04744
8.04736
8.04729
8.04722
8.04714
8.04707
8.047
8.04693
8.04685
8.04678
8.04671
8.04663
8.04656
8.04649
8.04641
8.04634
8.04627
8.0462
8.04612
8.04605
8.04598
8.0459
8.04583
8.04576
8.04568
8.04561
8.04554
8.04546
8.04539
8.04532
8.04525
8.04517
8.0451
8.04503
8.04495
8.04488
8.04481
8.04473
8.04466
8.04459
8.04451
8.04444
8.04437
8.0443
8.04422
8.04415
8.04408
8.044
8.04393
8.04386
8.04378
8.04371
8.04364
8.04356
8.04349
8.04342
8.04334
8.04327
8.0432
8.04313
8.04305
8.04298
8.04291
8.04283
8.04276
8.04269
8.04261
8.04254
8.04247
8.04239
8.04232
8.04225
8.04217
8.0421
8.04203
8.04195
8.04188
8.04181
8.04173
8.04166
8.04159
8.04151
8.04144
8.04137
8.04129
8.04122
8.04115
8.04108
8.041
8.04093
8.04086
8.04078
8.04071
8.04064
8.04056
8.04049
8.04042
8.04034
8.04027
8.0402
8.04012
8.04005
8.03998
8.0399
8.03983
8.03976
8.03968
8.03961
8.03954
8.03946
8.03939
8.03932
8.03924
8.03917
8.0391
8.03902
8.03895
8.03888
8.0388
8.03873
8.03866
8.03858
8.03851
8.03844
8.03836
8.03829
8.03822
8.03814
8.03807
8.03799
8.03792
8.03785
8.03777
8.0377
8.03763
8.03755
8.03748
8.03741
8.03733
8.03726
8.03719
8.03711
8.03704
8.03697
8.03689
8.03682
8.03675
8.03667
8.0366
8.03653
8.03645
8.03638
8.03631
8.03623
8.03616
8.03608
8.03601
8.03594
8.03586
8.03579
8.03572
8.03564
8.03557
8.0355
8.03542
8.03535
8.03528
8.0352
8.03513
8.03505
8.03498
8.03491
8.03483
8.03476
8.03469
8.03461
8.03454
8.03447
8.03439
8.03432
8.03425
8.03417
8.0341
8.03402
8.03395
8.03388
8.0338
8.03373
8.03366
8.03358
8.03351
8.03343
8.03336
8.03329
8.03321
8.03314
8.03307
8.03299
8.03292
8.03285
8.03277
8.0327
8.03262
8.03255
8.03248
8.0324
8.03233
8.03226
8.03218
8.03211
8.03203
8.03196
8.03189
8.03181
8.03174
8.03166
8.03159
8.03152
8.03144
8.03137
8.0313
8.03122
8.03115
8.03107
8.031
8.03093
8.03085
8.03078
8.03071
8.03063
8.03056
8.03048
8.03041
8.03034
8.03026
8.03019
8.03011
8.03004
8.02997
8.02989
8.02982
8.02974
8.02967
8.0296
8.02952
8.02945
8.02937
8.0293
8.02923
8.02915
8.02908
8.029
8.02893
8.02886
8.02878
8.02871
8.02863
8.02856
8.02849
8.02841
8.02834
8.02826
8.02819
8.02812
8.02804
8.02797
8.02789
8.02782
8.02775
8.02767
8.0276
8.02752
8.02745
8.02738
8.0273
8.02723
8.02715
8.02708
8.027
8.02693
8.02686
8.02678
8.02671
8.02663
8.02656
8.02649
8.02641
8.02634
8.02626
8.02619
8.02611
8.02604
8.02597
8.02589
8.02582
8.02574
8.02567
8.02559
8.02552
8.02545
8.02537
8.0253
8.02522
8.02515
8.02507
8.025
8.02493
8.02485
8.02478
8.0247
8.02463
8.02455
8.02448
8.02441
8.02433
8.02426
8.02418
8.02411
8.02403
8.02396
8.02388
8.02381
8.02374
8.02366
8.02359
8.02351
8.02344
8.02336
8.02329
8.02321
8.02314
8.02307
8.02299
8.02292
8.02284
8.02277
8.02269
8.02262
8.02254
8.02247
8.0224
8.02232
8.02225
8.02217
8.0221
8.02202
8.02195
8.02187
8.0218
8.02172
8.02165
8.02157
8.0215
8.02143
8.02135
8.02128
8.0212
8.02113
8.02105
8.02098
8.0209
8.02083
8.02075
8.02068
8.0206
8.02053
8.02045
8.02038
8.0203
8.02023
8.02016
8.02008
8.02001
8.01993
8.01986
8.01978
8.01971
8.01963
8.01956
8.01948
8.01941
8.01933
8.01926
8.01918
8.01911
8.01903
8.01896
8.01888
8.01881
8.01873
8.01866
8.01858
8.01851
8.01843
8.01836
8.01828
8.01821
8.01813
8.01806
8.01798
8.01791
8.01783
8.01776
8.01768
8.01761
8.01753
8.01746
8.01738
8.01731
8.01723
8.01716
8.01708
8.01701
8.01693
8.01686
8.01678
8.01671
8.01663
8.01656
8.01648
8.01641
8.01633
8.01626
8.01618
8.01611
8.01603
8.01596
8.01588
8.01581
8.01573
8.01565
8.01558
8.0155
8.01543
8.01535
8.01528
8.0152
8.01513
8.01505
8.01498
8.0149
8.01483
8.01475
8.01468
8.0146
8.01452
8.01445
8.01437
8.0143
8.01422
8.01415
8.01407
8.014
8.01392
8.01385
8.01377
8.01369
8.01362
8.01354
8.01347
8.01339
8.01332
8.01324
8.01317
8.01309
8.01301
8.01294
8.01286
8.01279
8.01271
8.01264
8.01256
8.01248
8.01241
8.01233
8.01226
8.01218
8.01211
8.01203
8.01195
8.01188
8.0118
8.01173
8.01165
8.01158
8.0115
8.01142
8.01135
8.01127
8.0112
8.01112
8.01105
8.01097
8.01089
8.01082
8.01074
8.01067
8.01059
8.01051
8.01044
8.01036
8.01029
8.01021
8.01013
8.01006
8.00998
8.00991
8.00983
8.00975
8.00968
8.0096
8.00953
8.00945
8.00937
8.0093
8.00922
8.00914
8.00907
8.00899
8.00892
8.00884
8.00876
8.00869
8.00861
8.00854
8.00846
8.00838
8.00831
8.00823
8.00815
8.00808
8.008
8.00793
8.00785
8.00777
8.0077
8.00762
8.00754
8.00747
8.00739
8.00731
8.00724
8.00716
8.00708
8.00701
8.00693
8.00686
8.00678
8.0067
8.00663
8.00655
8.00647
8.0064
8.00632
8.00624
8.00617
8.00609
8.00601
8.00594
8.00586
8.00578
8.00571
8.00563
8.00555
8.00548
8.0054
8.00532
8.00525
8.00517
8.00509
8.00502
8.00494
8.00486
8.00479
8.00471
8.00463
8.00455
8.00448
8.0044
8.00432
8.00425
8.00417
8.00409
8.00402
8.00394
8.00386
8.00378
8.00371
8.00363
8.00355
8.00348
8.0034
8.00332
8.00325
8.00317
8.00309
8.00301
8.00294
8.00286
8.00278
8.00271
8.00263
8.00255
8.00247
8.0024
8.00232
8.00224
8.00216
8.00209
8.00201
8.00193
8.00185
8.00178
8.0017
8.00162
8.00155
8.00147
8.00139
8.00131
8.00124
8.00116
8.00108
8.001
8.00093
8.00085
8.00077
8.00069
8.00061
8.00054
8.00046
8.00038
8.0003
8.00023
8.00015
8.00007
7.99999
7.99992
7.99984
7.99976
7.99968
7.9996
7.99953
7.99945
7.99937
7.99929
7.99922
7.99914
7.99906
7.99898
7.9989
7.99883
7.99875
7.99867
7.99859
7.99851
7.99844
7.99836
7.99828
7.9982
7.99812
7.99804
7.99797
7.99789
7.99781
7.99773
7.99765
7.99758
7.9975
7.99742
7.99734
7.99726
7.99718
7.99711
7.99703
7.99695
7.99687
7.99679
7.99671
7.99664
7.99656
7.99648
7.9964
7.99632
7.99624
7.99616
7.99609
7.99601
7.99593
7.99585
7.99577
7.99569
7.99561
7.99553
7.99546
7.99538
7.9953
7.99522
7.99514
7.99506
7.99498
7.9949
7.99483
7.99475
7.99467
7.99459
7.99451
7.99443
7.99435
7.99427
7.99419
7.99412
7.99404
7.99396
7.99388
7.9938
7.99372
7.99364
7.99356
7.99348
7.9934
7.99332
7.99324
7.99316
7.99309
7.99301
7.99293
7.99285
7.99277
7.99269
7.99261
7.99253
7.99245
7.99237
7.99229
7.99221
7.99213
7.99205
7.99197
7.99189
7.99181
7.99173
7.99165
7.99158
7.9915
7.99142
7.99134
7.99126
7.99118
7.9911
7.99102
7.99094
7.99086
7.99078
7.9907
7.99062
7.99054
7.99046
7.99038
7.9903
7.99022
7.99014
7.99006
7.98998
7.9899
7.98982
7.98974
7.98966
7.98958
7.9895
7.98942
7.98933
7.98925
7.98917
7.98909
7.98901
7.98893
7.98885
7.98877
7.98869
7.98861
7.98853
7.98845
7.98837
7.98829
7.98821
7.98813
7.98805
7.98797
7.98789
7.9878
7.98772
7.98764
7.98756
7.98748
7.9874
7.98732
7.98724
7.98716
7.98708
7.987
7.98691
7.98683
7.98675
7.98667
7.98659
7.98651
7.98643
7.98635
7.98627
7.98618
7.9861
7.98602
7.98594
7.98586
7.98578
7.9857
7.98562
7.98553
7.98545
7.98537
7.98529
7.98521
7.98513
7.98504
7.98496
7.98488
7.9848
7.98472
7.98464
7.98455
7.98447
7.98439
7.98431
7.98423
7.98415
7.98406
7.98398
7.9839
7.98382
7.98374
7.98365
7.98357
7.98349
7.98341
7.98332
7.98324
7.98316
7.98308
7.983
7.98291
7.98283
7.98275
7.98267
7.98258
7.9825
7.98242
7.98234
7.98225
7.98217
7.98209
7.98201
7.98192
7.98184
7.98176
7.98168
7.98159
7.98151
7.98143
7.98134
7.98126
7.98118
7.9811
7.98101
7.98093
7.98085
7.98076
7.98068
7.9806
7.98051
7.98043
7.98035
7.98026
7.98018
7.9801
7.98001
7.97993
7.97985
7.97976
7.97968
7.9796
7.97951
7.97943
7.97935
7.97926
7.97918
7.9791
7.97901
7.97893
7.97884
7.97876
7.97868
7.97859
7.97851
7.97843
7.97834
7.97826
7.97817
7.97809
7.978
7.97792
7.97784
7.97775
7.97767
7.97758
7.9775
7.97742
7.97733
7.97725
7.97716
7.97708
7.97699
7.97691
7.97682
7.97674
7.97665
7.97657
7.97649
7.9764
7.97632
7.97623
7.97615
7.97606
7.97598
7.97589
7.97581
7.97572
7.97564
7.97555
7.97547
7.97538
7.9753
7.97521
7.97512
7.97504
7.97495
7.97487
7.97478
7.9747
7.97461
7.97453
7.97444
7.97436
7.97427
7.97418
7.9741
7.97401
7.97393
7.97384
7.97376
7.97367
7.97358
7.9735
7.97341
7.97333
7.97324
7.97315
7.97307
7.97298
7.97289
7.97281
7.97272
7.97264
7.97255
7.97246
7.97238
7.97229
7.9722
7.97212
7.97203
7.97194
7.97186
7.97177
7.97168
7.9716
7.97151
7.97142
7.97134
7.97125
7.97116
7.97107
7.97099
7.9709
7.97081
7.97073
7.97064
7.97055
7.97046
7.97038
7.97029
7.9702
7.97011
7.97003
7.96994
7.96985
7.96976
7.96967
7.96959
7.9695
7.96941
7.96932
7.96924
7.96915
7.96906
7.96897
7.96888
7.96879
7.96871
7.96862
7.96853
7.96844
7.96835
7.96826
7.96818
7.96809
7.968
7.96791
7.96782
7.96773
7.96764
7.96755
7.96747
7.96738
7.96729
7.9672
7.96711
7.96702
7.96693
7.96684
7.96675
7.96666
7.96657
7.96649
7.9664
7.96631
7.96622
7.96613
7.96604
7.96595
7.96586
7.96577
7.96568
7.96559
7.9655
7.96541
7.96532
7.96523
7.96514
7.96505
7.96496
7.96487
7.96478
7.96469
7.9646
7.96451
7.96442
7.96432
7.96423
7.96414
7.96405
7.96396
7.96387
7.96378
7.96369
7.9636
7.96351
7.96342
7.96333
7.96323
7.96314
7.96305
7.96296
7.96287
7.96278
7.96269
7.96259
7.9625
7.96241
7.96232
7.96223
7.96214
7.96204
7.96195
7.96186
7.96177
7.96168
7.96158
7.96149
7.9614
7.96131
7.96121
7.96112
7.96103
7.96094
7.96084
7.96075
7.96066
7.96057
7.96047
7.96038
7.96029
7.96019
7.9601
7.96001
7.95991
7.95982
7.95973
7.95963
7.95954
7.95945
7.95935
7.95926
7.95917
7.95907
7.95898
7.95889
7.95879
7.9587
7.9586
7.95851
7.95842
7.95832
7.95823
7.95813
7.95804
7.95794
7.95785
7.95776
7.95766
7.95757
7.95747
7.95738
7.95728
7.95719
7.95709
7.957
7.9569
7.95681
7.95671
7.95662
7.95652
7.95643
7.95633
7.95623
7.95614
7.95604
7.95595
7.95585
7.95576
7.95566
7.95556
7.95547
7.95537
7.95528
7.95518
7.95508
7.95499
7.95489
7.95479
7.9547
7.9546
7.9545
7.95441
7.95431
7.95421
7.95412
7.95402
7.95392
7.95382
7.95373
7.95363
7.95353
7.95343
7.95334
7.95324
7.95314
7.95304
7.95295
7.95285
7.95275
7.95265
7.95255
7.95246
7.95236
7.95226
7.95216
7.95206
7.95196
7.95187
7.95177
7.95167
7.95157
7.95147
7.95137
7.95127
7.95117
7.95107
7.95097
7.95087
7.95078
7.95068
7.95058
7.95048
7.95038
7.95028
7.95018
7.95008
7.94998
7.94988
7.94978
7.94968
7.94958
7.94948
7.94938
7.94927
7.94917
7.94907
7.94897
7.94887
7.94877
7.94867
7.94857
7.94847
7.94837
7.94826
7.94816
7.94806
7.94796
7.94786
7.94776
7.94765
7.94755
7.94745
7.94735
7.94725
7.94714
7.94704
7.94694
7.94684
7.94673
7.94663
7.94653
7.94643
7.94632
7.94622
7.94612
7.94601
7.94591
7.94581
7.9457
7.9456
7.9455
7.94539
7.94529
7.94519
7.94508
7.94498
7.94487
7.94477
7.94467
7.94456
7.94446
7.94435
7.94425
7.94414
7.94404
7.94393
7.94383
7.94372
7.94362
7.94351
7.94341
7.9433
7.9432
7.94309
7.94298
7.94288
7.94277
7.94267
7.94256
7.94245
7.94235
7.94224
7.94213
7.94203
7.94192
7.94181
7.94171
7.9416
7.94149
7.94139
7.94128
7.94117
7.94106
7.94096
7.94085
7.94074
7.94063
7.94053
7.94042
7.94031
7.9402
7.94009
7.93999
7.93988
7.93977
7.93966
7.93955
7.93944
7.93933
7.93922
7.93911
7.939
7.9389
7.93879
7.93868
7.93857
7.93846
7.93835
7.93824
7.93813
7.93802
7.93791
7.9378
7.93769
7.93757
7.93746
7.93735
7.93724
7.93713
7.93702
7.93691
7.9368
7.93669
7.93657
7.93646
7.93635
7.93624
7.93613
7.93601
7.9359
7.93579
7.93568
7.93556
7.93545
7.93534
7.93523
7.93511
7.935
7.93489
7.93477
7.93466
7.93455
7.93443
7.93432
7.9342
7.93409
7.93398
7.93386
7.93375
7.93363
7.93352
7.9334
7.93329
7.93317
7.93306
7.93294
7.93283
7.93271
7.9326
7.93248
7.93237
7.93225
7.93213
7.93202
7.9319
7.93178
7.93167
7.93155
7.93143
7.93132
7.9312
7.93108
7.93097
7.93085
7.93073
7.93061
7.9305
7.93038
7.93026
7.93014
7.93002
7.92991
7.92979
7.92967
7.92955
7.92943
7.92931
7.92919
7.92907
7.92895
7.92883
7.92871
7.92859
7.92847
7.92835
7.92823
7.92811
7.92799
7.92787
7.92775
7.92763
7.92751
7.92739
7.92727
7.92715
7.92702
7.9269
7.92678
7.92666
7.92654
7.92642
7.92629
7.92617
7.92605
7.92593
7.9258
7.92568
7.92556
7.92543
7.92531
7.92519
7.92506
7.92494
7.92481
7.92469
7.92457
7.92444
7.92432
7.92419
7.92407
7.92394
7.92382
7.92369
7.92357
7.92344
7.92331
7.92319
7.92306
7.92294
7.92281
7.92268
7.92256
7.92243
7.9223
7.92218
7.92205
7.92192
7.92179
7.92167
7.92154
7.92141
7.92128
7.92115
7.92103
7.9209
7.92077
7.92064
7.92051
7.92038
7.92025
7.92012
7.91999
7.91986
7.91973
7.9196
7.91947
7.91934
7.91921
7.91908
7.91895
7.91882
7.91869
7.91856
7.91842
7.91829
7.91816
7.91803
7.9179
7.91776
7.91763
7.9175
7.91737
7.91723
7.9171
7.91697
7.91683
7.9167
7.91657
7.91643
7.9163
7.91616
7.91603
7.91589
7.91576
7.91562
7.91549
7.91535
7.91522
7.91508
7.91495
7.91481
7.91467
7.91454
7.9144
7.91426
7.91413
7.91399
7.91385
7.91371
7.91358
7.91344
7.9133
7.91316
7.91302
7.91288
7.91275
7.91261
7.91247
7.91233
7.91219
7.91205
7.91191
7.91177
7.91163
7.91149
7.91135
7.91121
7.91107
7.91092
7.91078
7.91064
7.9105
7.91036
7.91022
7.91007
7.90993
7.90979
7.90965
7.9095
7.90936
7.90922
7.90907
7.90893
7.90878
7.90864
7.9085
7.90835
7.90821
7.90806
7.90792
7.90777
7.90762
7.90748
7.90733
7.90719
7.90704
7.90689
7.90675
7.9066
7.90645
7.9063
7.90616
7.90601
7.90586
7.90571
7.90556
7.90541
7.90527
7.90512
7.90497
7.90482
7.90467
7.90452
7.90437
7.90422
7.90407
7.90392
7.90376
7.90361
7.90346
7.90331
7.90316
7.90301
7.90285
7.9027
7.90255
7.9024
7.90224
7.90209
7.90193
7.90178
7.90163
7.90147
7.90132
7.90116
7.90101
7.90085
7.9007
7.90054
7.90039
7.90023
7.90007
7.89992
7.89976
7.8996
7.89945
7.89929
7.89913
7.89897
7.89881
7.89866
7.8985
7.89834
7.89818
7.89802
7.89786
7.8977
7.89754
7.89738
7.89722
7.89706
7.8969
7.89673
7.89657
7.89641
7.89625
7.89609
7.89592
7.89576
7.8956
7.89544
7.89527
7.89511
7.89494
7.89478
7.89461
7.89445
7.89428
7.89412
7.89395
7.89379
7.89362
7.89346
7.89329
7.89312
7.89296
7.89279
7.89262
7.89245
7.89228
7.89212
7.89195
7.89178
7.89161
7.89144
7.89127
7.8911
7.89093
7.89076
7.89059
7.89042
7.89025
7.89007
7.8899
7.88973
7.88956
7.88938
7.88921
7.88904
7.88887
7.88869
7.88852
7.88834
7.88817
7.88799
7.88782
7.88764
7.88747
7.88729
7.88711
7.88694
7.88676
7.88658
7.88641
7.88623
7.88605
7.88587
7.88569
7.88551
7.88534
7.88516
7.88498
7.8848
7.88462
7.88444
7.88425
7.88407
7.88389
7.88371
7.88353
7.88334
7.88316
7.88298
7.8828
7.88261
7.88243
7.88224
7.88206
7.88187
7.88169
7.8815
7.88132
7.88113
7.88095
7.88076
7.88057
7.88038
7.8802
7.88001
7.87982
7.87963
7.87944
7.87925
7.87906
7.87887
7.87868
7.87849
7.8783
7.87811
7.87792
7.87773
7.87754
7.87734
7.87715
7.87696
7.87676
7.87657
7.87638
7.87618
7.87599
7.87579
7.8756
7.8754
7.8752
7.87501
7.87481
7.87461
7.87442
7.87422
7.87402
7.87382
7.87362
7.87342
7.87322
7.87302
7.87282
7.87262
7.87242
7.87222
7.87202
7.87182
7.87162
7.87141
7.87121
7.87101
7.8708
7.8706
7.87039
7.87019
7.86998
7.86978
7.86957
7.86937
7.86916
7.86895
7.86874
7.86854
7.86833
7.86812
7.86791
7.8677
7.86749
7.86728
7.86707
7.86686
7.86665
7.86644
7.86623
7.86601
7.8658
7.86559
7.86538
7.86516
7.86495
7.86473
7.86452
7.8643
7.86409
7.86387
7.86365
7.86344
7.86322
7.863
7.86278
7.86257
7.86235
7.86213
7.86191
7.86169
7.86147
7.86125
7.86102
7.8608
7.86058
7.86036
7.86014
7.85991
7.85969
7.85946
7.85924
7.85901
7.85879
7.85856
7.85834
7.85811
7.85788
7.85766
7.85743
7.8572
7.85697
7.85674
7.85651
7.85628
7.85605
7.85582
7.85559
7.85536
7.85512
7.85489
7.85466
7.85443
7.85419
7.85396
7.85372
7.85349
7.85325
7.85302
7.85278
7.85254
7.8523
7.85207
7.85183
7.85159
7.85135
7.85111
7.85087
7.85063
7.85039
7.85015
7.8499
7.84966
7.84942
7.84917
7.84893
7.84869
7.84844
7.8482
7.84795
7.8477
7.84746
7.84721
7.84696
7.84671
7.84647
7.84622
7.84597
7.84572
7.84547
7.84521
7.84496
7.84471
7.84446
7.84421
7.84395
7.8437
7.84344
7.84319
7.84293
7.84268
7.84242
7.84216
7.84191
7.84165
7.84139
7.84113
7.84087
7.84061
7.84035
7.84009
7.83983
7.83957
7.8393
7.83904
7.83878
7.83851
7.83825
7.83798
7.83772
7.83745
7.83718
7.83692
7.83665
7.83638
7.83611
7.83584
7.83557
7.8353
7.83503
7.83476
7.83449
7.83421
7.83394
7.83367
7.83339
7.83312
7.83284
7.83257
7.83229
7.83201
7.83173
7.83146
7.83118
7.8309
7.83062
7.83034
7.83006
7.82977
7.82949
7.82921
7.82893
7.82864
7.82836
7.82807
7.82779
7.8275
7.82721
7.82693
7.82664
7.82635
7.82606
7.82577
7.82548
7.82519
7.8249
7.82461
7.82431
7.82402
7.82373
7.82343
7.82314
7.82284
7.82255
7.82225
7.82195
7.82165
7.82135
7.82105
7.82075
7.82045
7.82015
7.81985
7.81955
7.81925
7.81894
7.81864
7.81833
7.81803
7.81772
7.81741
7.81711
7.8168
7.81649
7.81618
7.81587
7.81556
7.81525
7.81494
7.81462
7.81431
7.814
7.81368
7.81337
7.81305
7.81273
7.81242
7.8121
7.81178
7.81146
7.81114
7.81082
7.8105
7.81018
7.80985
7.80953
7.80921
7.80888
7.80856
7.80823
7.8079
7.80758
7.80725
7.80692
7.80659
7.80626
7.80593
7.8056
7.80526
7.80493
7.8046
7.80426
7.80393
7.80359
7.80325
7.80292
7.80258
7.80224
7.8019
7.80156
7.80122
7.80088
7.80054
7.80019
7.79985
7.7995
7.79916
7.79881
7.79847
7.79812
7.79777
7.79742
7.79707
7.79672
7.79637
7.79602
7.79566
7.79531
7.79496
7.7946
7.79424
7.79389
7.79353
7.79317
7.79281
7.79245
7.79209
7.79173
7.79137
7.79101
7.79064
7.79028
7.78991
7.78955
7.78918
7.78881
7.78844
7.78807
7.7877
7.78733
7.78696
7.78659
7.78621
7.78584
7.78547
7.78509
7.78471
7.78434
7.78396
7.78358
7.7832
7.78282
7.78244
7.78205
7.78167
7.78129
7.7809
7.78052
7.78013
7.77974
7.77935
7.77896
7.77857
7.77818
7.77779
7.7774
7.777
7.77661
7.77621
7.77582
7.77542
7.77502
7.77462
7.77422
7.77382
7.77342
7.77302
7.77262
7.77221
7.77181
7.7714
7.77099
7.77059
7.77018
7.76977
7.76936
7.76895
7.76853
7.76812
7.76771
7.76729
7.76687
7.76646
7.76604
7.76562
7.7652
7.76478
7.76436
7.76394
7.76351
7.76309
7.76266
7.76223
7.76181
7.76138
7.76095
7.76052
7.76009
7.75966
7.75922
7.75879
7.75835
7.75792
7.75748
7.75704
7.7566
7.75616
7.75572
7.75528
7.75484
7.75439
7.75395
7.7535
7.75305
7.7526
7.75215
7.7517
7.75125
7.7508
7.75035
7.74989
7.74944
7.74898
7.74852
7.74807
7.74761
7.74715
7.74668
7.74622
7.74576
7.74529
7.74483
7.74436
7.74389
7.74342
7.74295
7.74248
7.74201
7.74153
7.74106
7.74058
7.74011
7.73963
7.73915
7.73867
7.73819
7.73771
7.73722
7.73674
7.73625
7.73577
7.73528
7.73479
7.7343
7.73381
7.73332
7.73282
7.73233
7.73183
7.73134
7.73084
7.73034
7.72984
7.72934
7.72883
7.72833
7.72783
7.72732
7.72681
7.7263
7.72579
7.72528
7.72477
7.72426
7.72374
7.72323
7.72271
7.72219
7.72167
7.72115
7.72063
7.72011
7.71958
7.71906
7.71853
7.718
7.71747
7.71694
7.71641
7.71588
7.71535
7.71481
7.71427
7.71374
7.7132
7.71266
7.71212
7.71157
7.71103
7.71048
7.70994
7.70939
7.70884
7.70829
7.70774
7.70718
7.70663
7.70607
7.70552
7.70496
7.7044
7.70384
7.70328
7.70271
7.70215
7.70158
7.70101
7.70044
7.69987
7.6993
7.69873
7.69816
7.69758
7.697
7.69642
7.69584
7.69526
7.69468
7.6941
7.69351
7.69292
7.69234
7.69175
7.69116
7.69056
7.68997
7.68938
7.68878
7.68818
7.68758
7.68698
7.68638
7.68577
7.68517
7.68456
7.68396
7.68335
7.68274
7.68212
7.68151
7.68089
7.68028
7.67966
7.67904
7.67842
7.6778
7.67717
7.67655
7.67592
7.67529
7.67466
7.67403
7.6734
7.67276
7.67212
7.67149
7.67085
7.67021
7.66957
7.66892
7.66828
7.66763
7.66698
7.66633
7.66568
7.66503
7.66437
7.66372
7.66306
7.6624
7.66174
7.66107
7.66041
7.65974
7.65908
7.65841
7.65774
7.65707
7.65639
7.65572
7.65504
7.65436
7.65368
7.653
7.65231
7.65163
7.65094
7.65025
7.64956
7.64887
7.64818
7.64748
7.64679
7.64609
7.64539
7.64469
7.64398
7.64328
7.64257
7.64186
7.64115
7.64044
7.63972
7.63901
7.63829
7.63757
7.63685
7.63613
7.6354
7.63468
7.63395
7.63322
7.63249
7.63175
7.63102
7.63028
7.62954
7.6288
7.62806
7.62732
7.62657
7.62582
7.62507
7.62432
7.62357
7.62281
7.62206
7.6213
7.62054
7.61978
7.61901
7.61825
7.61748
7.61671
7.61594
7.61516
7.61439
7.61361
7.61283
7.61205
7.61127
7.61048
7.60969
7.60891
7.60812
7.60732
7.60653
7.60573
7.60493
7.60413
7.60333
7.60253
7.60172
7.60091
7.6001
7.59929
7.59847
7.59766
7.59684
7.59602
7.5952
7.59437
7.59355
7.59272
7.59189
7.59105
7.59022
7.58938
7.58854
7.5877
7.58686
7.58602
7.58517
7.58432
7.58347
7.58262
7.58176
7.5809
7.58004
7.57918
7.57832
7.57745
7.57658
7.57571
7.57484
7.57397
7.57309
7.57221
7.57133
7.57045
7.56956
7.56867
7.56778
7.56689
7.566
7.5651
7.5642
7.5633
7.5624
7.56149
7.56059
7.55968
7.55877
7.55785
7.55693
7.55602
7.55509
7.55417
7.55325
7.55232
7.55139
7.55046
7.54952
7.54858
7.54764
7.5467
7.54576
7.54481
7.54386
7.54291
7.54196
7.541
7.54004
7.53908
7.53812
7.53716
7.53619
7.53522
7.53424
7.53327
7.53229
7.53131
7.53033
7.52935
7.52836
7.52737
7.52638
7.52538
7.52438
7.52339
7.52238
7.52138
7.52037
7.51936
7.51835
7.51734
7.51632
7.5153
7.51428
7.51325
7.51222
7.51119
7.51016
7.50913
7.50809
7.50705
7.50601
7.50496
7.50391
7.50286
7.50181
7.50075
7.4997
7.49863
7.49757
7.4965
7.49543
7.49436
7.49329
7.49221
7.49113
7.49005
7.48896
7.48788
7.48679
7.48569
7.4846
7.4835
7.4824
7.48129
7.48018
7.47907
7.47796
7.47685
7.47573
7.47461
7.47348
7.47236
7.47123
7.47009
7.46896
7.46782
7.46668
7.46554
7.46439
7.46324
7.46209
7.46093
7.45977
7.45861
7.45745
7.45628
7.45511
7.45394
7.45276
7.45159
7.4504
7.44922
7.44803
7.44684
7.44565
7.44445
7.44325
7.44205
7.44084
7.43963
7.43842
7.43721
7.43599
7.43477
7.43355
7.43232
7.43109
7.42986
7.42862
7.42738
7.42614
7.42489
7.42364
7.42239
7.42114
7.41988
7.41862
7.41735
7.41608
7.41481
7.41354
7.41226
7.41098
7.4097
7.40841
7.40712
7.40583
7.40453
7.40323
7.40193
7.40062
7.39931
7.398
7.39668
7.39536
7.39404
7.39271
7.39138
7.39005
7.38871
7.38737
7.38603
7.38468
7.38333
7.38198
7.38062
7.37926
7.3779
7.37653
7.37516
7.37378
7.37241
7.37102
7.36964
7.36825
7.36686
7.36547
7.36407
7.36266
7.36126
7.35985
7.35844
7.35702
7.3556
7.35418
7.35275
7.35132
7.34988
7.34845
7.347
7.34556
7.34411
7.34266
7.3412
7.33974
7.33828
7.33681
7.33534
7.33386
7.33239
7.3309
7.32942
7.32793
7.32643
7.32494
7.32343
7.32193
7.32042
7.31891
7.31739
7.31587
7.31435
7.31282
7.31129
7.30975
7.30821
7.30667
7.30512
7.30357
7.30201
7.30045
7.29889
7.29732
7.29575
7.29418
7.2926
7.29102
7.28943
7.28784
7.28624
7.28464
7.28304
7.28143
7.27982
7.2782
7.27659
7.27496
7.27333
7.2717
7.27007
7.26842
7.26678
7.26513
7.26348
7.26182
7.26016
7.2585
7.25683
7.25515
7.25347
7.25179
7.2501
7.24841
7.24672
7.24502
7.24331
7.24161
7.23989
7.23818
7.23646
7.23473
7.233
7.23127
7.22953
7.22778
7.22604
7.22428
7.22253
7.22077
7.219
7.21723
7.21546
7.21368
7.21189
7.21011
7.20831
7.20652
7.20471
7.20291
7.2011
7.19928
7.19746
7.19564
7.19381
7.19197
7.19014
7.18829
7.18644
7.18459
7.18273
7.18087
7.17901
7.17713
7.17526
7.17338
7.17149
7.1696
7.1677
7.1658
7.1639
7.16199
7.16007
7.15815
7.15623
7.1543
7.15237
7.15043
7.14848
7.14653
7.14458
7.14262
7.14066
7.13869
7.13671
7.13473
7.13275
7.13076
7.12877
7.12677
7.12476
7.12275
7.12074
7.11872
7.11669
7.11466
7.11263
7.11059
7.10854
7.10649
7.10443
7.10237
7.10031
7.09824
7.09616
7.09408
7.09199
7.0899
7.0878
7.08569
7.08359
7.08147
7.07935
7.07723
7.0751
7.07296
7.07082
7.06867
7.06652
7.06436
7.0622
7.06003
7.05786
7.05568
7.05349
7.0513
7.04911
7.0469
7.0447
7.04248
7.04026
7.03804
7.03581
7.03357
7.03133
7.02909
7.02683
7.02457
7.02231
7.02004
7.01776
7.01548
7.01319
7.0109
7.0086
7.0063
7.00399
7.00167
6.99935
6.99702
6.99469
6.99235
6.99
6.98765
6.98529
6.98292
6.98055
6.97818
6.9758
6.97341
6.97101
6.96861
6.96621
6.96379
6.96137
6.95895
6.95652
6.95408
6.95164
6.94919
6.94673
6.94427
6.9418
6.93933
6.93685
6.93436
6.93187
6.92937
6.92686
6.92435
6.92183
6.9193
6.91677
6.91423
6.91169
6.90914
6.90658
6.90402
6.90144
6.89887
6.89628
6.89369
6.8911
6.88849
6.88588
6.88327
6.88064
6.87801
6.87538
6.87273
6.87008
6.86743
6.86476
6.86209
6.85942
6.85673
6.85404
6.85134
6.84864
6.84593
6.84321
6.84049
6.83775
6.83501
6.83227
6.82952
6.82676
6.82399
6.82122
6.81844
6.81565
6.81285
6.81005
6.80724
6.80443
6.8016
6.79877
6.79593
6.79309
6.79024
6.78738
6.78451
6.78164
6.77876
6.77587
6.77297
6.77007
6.76716
6.76424
6.76132
6.75838
6.75544
6.7525
6.74954
6.74658
6.74361
6.74063
6.73765
6.73466
6.73166
6.72865
6.72563
6.72261
6.71958
6.71654
6.71349
6.71044
6.70738
6.70431
6.70123
6.69815
6.69506
6.69196
6.68885
6.68573
6.68261
6.67948
6.67634
6.67319
6.67003
6.66687
6.6637
6.66052
6.65733
6.65414
6.65093
6.64772
6.6445
6.64127
6.63804
6.63479
6.63154
6.62828
6.62501
6.62173
6.61845
6.61516
6.61185
6.60854
6.60522
6.6019
6.59856
6.59522
6.59187
6.5885
6.58513
6.58176
6.57837
6.57498
6.57157
6.56816
6.56474
6.56131
6.55787
6.55443
6.55097
6.54751
6.54403
6.54055
6.53706
6.53356
6.53006
6.52654
6.52301
6.51948
6.51594
6.51238
6.50882
6.50525
6.50167
6.49809
6.49449
6.49088
6.48727
6.48364
6.48001
6.47637
6.47272
6.46906
6.46539
6.46171
6.45802
6.45432
6.45061
6.4469
6.44317
6.43944
6.43569
6.43194
6.42817
6.4244
6.42062
6.41683
6.41303
6.40922
6.40539
6.40157
6.39773
6.39388
6.39002
6.38615
6.38227
6.37838
6.37449
6.37058
6.36666
6.36273
6.3588
6.35485
6.35089
6.34693
6.34295
6.33896
6.33497
6.33096
6.32694
6.32292
6.31888
6.31484
6.31078
6.30671
6.30263
6.29855
6.29445
6.29034
6.28622
6.2821
6.27796
6.27381
6.26965
6.26548
6.2613
6.25711
6.25291
6.2487
6.24447
6.24024
6.236
6.23174
6.22748
6.2232
6.21892
6.21462
6.21032
6.206
6.20167
6.19733
6.19298
6.18862
6.18425
6.17986
6.17547
6.17107
6.16665
6.16222
6.15779
6.15334
6.14888
6.14441
6.13992
6.13543
6.13093
6.12641
6.12188
6.11735
6.1128
6.10824
6.10367
6.09908
6.09449
6.08988
6.08526
6.08063
6.07599
6.07134
6.06668
6.062
6.05732
6.05262
6.04791
6.04319
6.03845
6.03371
6.02895
6.02418
6.0194
6.01461
6.00981
6.00499
6.00016
5.99532
5.99047
5.98561
5.98073
5.97584
5.97094
5.96603
5.96111
5.95617
5.95122
5.94626
5.94129
5.9363
5.9313
5.92629
5.92127
5.91624
5.91119
5.90613
5.90106
5.89597
5.89088
5.88577
5.88064
5.87551
5.87036
5.8652
5.86003
5.85484
5.84964
5.84443
5.83921
5.83397
5.82872
5.82346
5.81818
5.81289
5.80759
5.80227
5.79695
5.79161
5.78625
5.78088
5.7755
5.77011
5.7647
5.75928
5.75385
5.7484
5.74294
5.73747
5.73198
5.72648
5.72097
5.71544
5.7099
5.70434
5.69877
5.69319
5.6876
5.68199
5.67637
5.67073
5.66508
5.65941
5.65374
5.64804
5.64234
5.63662
5.63088
5.62514
5.61937
5.6136
5.60781
5.602
5.59618
5.59035
5.58451
5.57864
5.57277
5.56688
5.56098
5.55506
5.54912
5.54318
5.53722
5.53124
5.52525
5.51924
5.51322
5.50719
5.50114
5.49507
5.489
5.4829
5.47679
5.47067
5.46453
5.45838
5.45221
5.44603
5.43983
5.43362
5.42739
5.42115
5.41489
5.40862
5.40233
5.39602
5.38971
5.38337
5.37702
5.37066
5.36428
5.35788
5.35147
5.34504
5.3386
5.33214
5.32567
5.31918
5.31268
5.30615
5.29962
5.29307
5.2865
5.27992
5.27332
5.2667
5.26007
5.25342
5.24676
5.24008
5.23338
5.22667
5.21995
5.2132
5.20644
5.19967
5.19287
5.18606
5.17924
5.1724
5.16554
5.15866
5.15177
5.14487
5.13794
5.131
5.12404
5.11707
5.11008
5.10307
5.09605
5.08901
5.08195
5.07487
5.06778
5.06067
5.05355
5.04641
5.03925
5.03207
5.02488
5.01766
5.01044
5.00319
4.99593
4.98865
4.98135
4.97404
4.9667
4.95935
4.95199
4.9446
4.9372
4.92978
4.92234
4.91489
4.90741
4.89992
4.89241
4.88489
4.87734
4.86978
4.8622
4.8546
4.84699
4.83935
4.8317
4.82403
4.81634
4.80864
4.80091
4.79317
4.78541
4.77763
4.76983
4.76201
4.75418
4.74632
4.73845
4.73056
4.72265
4.71472
4.70678
4.69881
4.69083
4.68282
4.6748
4.66676
4.6587
4.65062
4.64252
4.63441
4.62627
4.61812
4.60994
4.60175
4.59354
4.58531
4.57705
4.56878
4.56049
4.55218
4.54386
4.53551
4.52714
4.51875
4.51035
4.50192
4.49347
4.48501
4.47652
4.46801
4.45949
4.45094
4.44238
4.43379
4.42519
4.41656
4.40792
4.39925
4.39056
4.38186
4.37313
4.36439
4.35562
4.34683
4.33802
4.32919
4.32035
4.31148
4.30259
4.29368
4.28474
4.27579
4.26682
4.25783
4.24881
4.23978
4.23072
4.22164
4.21255
4.20343
4.19429
4.18513
4.17594
4.16674
4.15751
4.14827
4.139
4.12971
4.1204
4.11107
4.10172
4.09234
4.08295
4.07353
4.06409
4.05463
4.04515
4.03564
4.02611
4.01657
4.007
3.9974
3.98779
3.97815
3.96849
3.95881
3.94911
3.93939
3.92964
3.91987
3.91008
3.90026
3.89043
3.88057
3.87069
3.86078
3.85086
3.84091
3.83094
3.82094
3.81092
3.80088
3.79082
3.78074
3.77063
3.7605
3.75034
3.74016
3.72996
3.71974
3.70949
3.69922
3.68893
3.67861
3.66827
3.65791
3.64752
3.63711
3.62668
3.61622
3.60574
3.59523
3.5847
3.57415
3.56357
3.55297
3.54235
3.5317
3.52103
3.51034
3.49962
3.48887
3.4781
3.46731
3.4565
3.44566
3.43479
3.4239
3.41299
3.40205
3.39109
3.3801
3.36909
3.35805
3.34699
3.3359
3.32479
3.31366
3.3025
3.29131
3.2801
3.26887
3.25761
3.24632
3.23501
3.22368
3.21232
3.20093
3.18952
3.17808
3.16662
3.15513
3.14362
3.13208
3.12052
3.10893
3.09732
3.08568
3.07401
3.06232
3.0506
3.03885
3.02708
3.01529
3.00347
2.99162
2.97975
2.96785
2.95592
2.94397
2.93199
2.91998
2.90795
2.89589
2.88381
2.8717
2.85956
2.8474
2.83521
2.82299
2.81074
2.79847
2.78618
2.77385
2.7615
2.74912
2.73672
2.72428
2.71182
2.69934
2.68682
2.67428
2.66171
2.64912
2.6365
2.62384
2.61117
2.59846
2.58573
2.57297
2.56018
2.54736
2.53452
2.52165
2.50875
2.49582
2.48287
2.46988
2.45687
2.44383
2.43076
2.41767
2.40454
2.39139
2.37821
2.365
2.35177
2.3385
2.32521
2.31189
2.29853
2.28515
2.27175
2.25831
2.24484
2.23135
2.21783
2.20427
2.19069
2.17708
2.16344
2.14977
2.13608
2.12235
2.10859
2.09481
2.08099
2.06715
2.05328
2.03937
2.02544
2.01148
1.99749
1.98347
1.96942
1.95534
1.94123
1.92709
1.91292
1.89872
1.88449
1.87023
1.85594
1.84162
1.82727
1.81289
1.79848
1.78404
1.76956
1.75506
1.74053
1.72597
1.71138
1.69675
1.6821
1.66741
1.6527
1.63795
1.62317
1.60837
1.59353
1.57866
1.56376
1.54882
1.53386
1.51887
1.50384
1.48879
1.4737
1.45858
1.44343
1.42825
1.41303
1.39779
1.38251
1.3672
1.35186
1.33649
1.32109
1.30565
1.29019
1.27469
1.25916
1.2436
1.228
1.21238
1.19672
1.18103
1.1653
1.14955
1.13376
1.11794
1.10209
1.0862
1.07029
1.05434
1.03835
1.02234
1.00629
0.990212
0.974098
0.957953
0.941774
0.925562
0.909318
0.89304
0.87673
0.860386
0.844009
0.827599
0.811156
0.794679
0.77817
0.761626
0.74505
0.72844
0.711796
0.695119
0.678409
0.661664
0.644886
0.628075
0.611229
0.59435
0.577437
0.560489
0.543508
0.526493
0.509444
0.492361
0.475244
0.458092
0.440906
0.423686
0.406432
0.389143
0.37182
0.354462
0.33707
0.319643
0.302182
0.284686
0.267155
0.249589
0.231989
0.214354
0.196684
0.178979
0.16124
0.143465
0.125655
0.10781
0.0899296
0.0720143
0.0540637
0.0360778
0.0180566
9.9406e-12
