0
0.0040004
0.0080008
0.0120012
0.0160016
0.020002
0.0240024
0.0280028
0.0320032
0.0360036
0.040004
0.0440044
0.0480048
0.0520052
0.0560056
0.060006
0.0640064
0.0680068
0.0720072
0.0760076
0.080008
0.0840084
0.0880088
0.0920092
0.0960096
0.10001
0.10401
0.108011
0.112011
0.116012
0.120012
0.124012
0.128013
0.132013
0.136014
0.140014
0.144014
0.148015
0.152015
0.156016
0.160016
0.164016
0.168017
0.172017
0.176018
0.180018
0.184018
0.188019
0.192019
0.19602
0.20002
0.20402
0.208021
0.212021
0.216022
0.220022
0.224022
0.228023
0.232023
0.236024
0.240024
0.244024
0.248025
0.252025
0.256026
0.260026
0.264026
0.268027
0.272027
0.276028
0.280028
0.284028
0.288029
0.292029
0.29603
0.30003
0.30403
0.308031
0.312031
0.316032
0.320032
0.324032
0.328033
0.332033
0.336034
0.340034
0.344034
0.348035
0.352035
0.356036
0.360036
0.364036
0.368037
0.372037
0.376038
0.380038
0.384038
0.388039
0.392039
0.39604
0.40004
0.40404
0.408041
0.412041
0.416042
0.420042
0.424042
0.428043
0.432043
0.436044
0.440044
0.444044
0.448045
0.452045
0.456046
0.460046
0.464046
0.468047
0.472047
0.476048
0.480048
0.484048
0.488049
0.492049
0.49605
0.50005
0.50405
0.508051
0.512051
0.516052
0.520052
0.524052
0.528053
0.532053
0.536054
0.540054
0.544054
0.548055
0.552055
0.556056
0.560056
0.564056
0.568057
0.572057
0.576058
0.580058
0.584058
0.588059
0.592059
0.59606
0.60006
0.60406
0.608061
0.612061
0.616062
0.620062
0.624062
0.628063
0.632063
0.636064
0.640064
0.644064
0.648065
0.652065
0.656066
0.660066
0.664066
0.668067
0.672067
0.676068
0.680068
0.684068
0.688069
0.692069
0.69607
0.70007
0.70407
0.708071
0.712071
0.716072
0.720072
0.724072
0.728073
0.732073
0.736074
0.740074
0.744074
0.748075
0.752075
0.756076
0.760076
0.764076
0.768077
0.772077
0.776078
0.780078
0.784078
0.788079
0.792079
0.79608
0.80008
0.80408
0.808081
0.812081
0.816082
0.820082
0.824082
0.828083
0.832083
0.836084
0.840084
0.844084
0.848085
0.852085
0.856086
0.860086
0.864086
0.868087
0.872087
0.876088
0.880088
0.884088
0.888089
0.892089
0.89609
0.90009
0.90409
0.908091
0.912091
0.916092
0.920092
0.924092
0.928093
0.932093
0.936094
0.940094
0.944094
0.948095
0.952095
0.956096
0.960096
0.964096
0.968097
0.972097
0.976098
0.980098
0.984098
0.988099
0.992099
0.9961
1.0001
1.0041
1.0081
1.0121
1.0161
1.0201
1.0241
1.0281
1.0321
1.0361
1.0401
1.0441
1.0481
1.05211
1.05611
1.06011
1.06411
1.06811
1.07211
1.07611
1.08011
1.08411
1.08811
1.09211
1.09611
1.10011
1.10411
1.10811
1.11211
1.11611
1.12011
1.12411
1.12811
1.13211
1.13611
1.14011
1.14411
1.14811
1.15212
1.15612
1.16012
1.16412
1.16812
1.17212
1.17612
1.18012
1.18412
1.18812
1.19212
1.19612
1.20012
1.20412
1.20812
1.21212
1.21612
1.22012
1.22412
1.22812
1.23212
1.23612
1.24012
1.24412
1.24812
1.25213
1.25613
1.26013
1.26413
1.26813
1.27213
1.27613
1.28013
1.28413
1.28813
1.29213
1.29613
1.30013
1.30413
1.30813
1.31213
1.31613
1.32013
1.32413
1.32813
1.33213
1.33613
1.34013
1.34413
1.34813
1.35214
1.35614
1.36014
1.36414
1.36814
1.37214
1.37614
1.38014
1.38414
1.38814
1.39214
1.39614
1.40014
1.40414
1.40814
1.41214
1.41614
1.42014
1.42414
1.42814
1.43214
1.43614
1.44014
1.44414
1.44814
1.45215
1.45615
1.46015
1.46415
1.46815
1.47215
1.47615
1.48015
1.48415
1.48815
1.49215
1.49615
1.50015
1.50415
1.50815
1.51215
1.51615
1.52015
1.52415
1.52815
1.53215
1.53615
1.54015
1.54415
1.54815
1.55216
1.55616
1.56016
1.56416
1.56816
1.57216
1.57616
1.58016
1.58416
1.58816
1.59216
1.59616
1.60016
1.60416
1.60816
1.61216
1.61616
1.62016
1.62416
1.62816
1.63216
1.63616
1.64016
1.64416
1.64816
1.65217
1.65617
1.66017
1.66417
1.66817
1.67217
1.67617
1.68017
1.68417
1.68817
1.69217
1.69617
1.70017
1.70417
1.70817
1.71217
1.71617
1.72017
1.72417
1.72817
1.73217
1.73617
1.74017
1.74417
1.74817
1.75218
1.75618
1.76018
1.76418
1.76818
1.77218
1.77618
1.78018
1.78418
1.78818
1.79218
1.79618
1.80018
1.80418
1.80818
1.81218
1.81618
1.82018
1.82418
1.82818
1.83218
1.83618
1.84018
1.84418
1.84818
1.85219
1.85619
1.86019
1.86419
1.86819
1.87219
1.87619
1.88019
1.88419
1.88819
1.89219
1.89619
1.90019
1.90419
1.90819
1.91219
1.91619
1.92019
1.92419
1.92819
1.93219
1.93619
1.94019
1.94419
1.94819
1.9522
1.9562
1.9602
1.9642
1.9682
1.9722
1.9762
1.9802
1.9842
1.9882
1.9922
1.9962
2.0002
2.0042
2.0082
2.0122
2.0162
2.0202
2.0242
2.0282
2.0322
2.0362
2.0402
2.0442
2.0482
2.05221
2.05621
2.06021
2.06421
2.06821
2.07221
2.07621
2.08021
2.08421
2.08821
2.09221
2.09621
2.10021
2.10421
2.10821
2.11221
2.11621
2.12021
2.12421
2.12821
2.13221
2.13621
2.14021
2.14421
2.14821
2.15222
2.15622
2.16022
2.16422
2.16822
2.17222
2.17622
2.18022
2.18422
2.18822
2.19222
2.19622
2.20022
2.20422
2.20822
2.21222
2.21622
2.22022
2.22422
2.22822
2.23222
2.23622
2.24022
2.24422
2.24822
2.25223
2.25623
2.26023
2.26423
2.26823
2.27223
2.27623
2.28023
2.28423
2.28823
2.29223
2.29623
2.30023
2.30423
2.30823
2.31223
2.31623
2.32023
2.32423
2.32823
2.33223
2.33623
2.34023
2.34423
2.34823
2.35224
2.35624
2.36024
2.36424
2.36824
2.37224
2.37624
2.38024
2.38424
2.38824
2.39224
2.39624
2.40024
2.40424
2.40824
2.41224
2.41624
2.42024
2.42424
2.42824
2.43224
2.43624
2.44024
2.44424
2.44824
2.45225
2.45625
2.46025
2.46425
2.46825
2.47225
2.47625
2.48025
2.48425
2.48825
2.49225
2.49625
2.50025
2.50425
2.50825
2.51225
2.51625
2.52025
2.52425
2.52825
2.53225
2.53625
2.54025
2.54425
2.54825
2.55226
2.55626
2.56026
2.56426
2.56826
2.57226
2.57626
2.58026
2.58426
2.58826
2.59226
2.59626
2.60026
2.60426
2.60826
2.61226
2.61626
2.62026
2.62426
2.62826
2.63226
2.63626
2.64026
2.64426
2.64826
2.65227
2.65627
2.66027
2.66427
2.66827
2.67227
2.67627
2.68027
2.68427
2.68827
2.69227
2.69627
2.70027
2.70427
2.70827
2.71227
2.71627
2.72027
2.72427
2.72827
2.73227
2.73627
2.74027
2.74427
2.74827
2.75228
2.75628
2.76028
2.76428
2.76828
2.77228
2.77628
2.78028
2.78428
2.78828
2.79228
2.79628
2.80028
2.80428
2.80828
2.81228
2.81628
2.82028
2.82428
2.82828
2.83228
2.83628
2.84028
2.84428
2.84828
2.85229
2.85629
2.86029
2.86429
2.86829
2.87229
2.87629
2.88029
2.88429
2.88829
2.89229
2.89629
2.90029
2.90429
2.90829
2.91229
2.91629
2.92029
2.92429
2.92829
2.93229
2.93629
2.94029
2.94429
2.94829
2.9523
2.9563
2.9603
2.9643
2.9683
2.9723
2.9763
2.9803
2.9843
2.9883
2.9923
2.9963
3.0003
3.0043
3.0083
3.0123
3.0163
3.0203
3.0243
3.0283
3.0323
3.0363
3.0403
3.0443
3.0483
3.05231
3.05631
3.06031
3.06431
3.06831
3.07231
3.07631
3.08031
3.08431
3.08831
3.09231
3.09631
3.10031
3.10431
3.10831
3.11231
3.11631
3.12031
3.12431
3.12831
3.13231
3.13631
3.14031
3.14431
3.14831
3.15232
3.15632
3.16032
3.16432
3.16832
3.17232
3.17632
3.18032
3.18432
3.18832
3.19232
3.19632
3.20032
3.20432
3.20832
3.21232
3.21632
3.22032
3.22432
3.22832
3.23232
3.23632
3.24032
3.24432
3.24832
3.25233
3.25633
3.26033
3.26433
3.26833
3.27233
3.27633
3.28033
3.28433
3.28833
3.29233
3.29633
3.30033
3.30433
3.30833
3.31233
3.31633
3.32033
3.32433
3.32833
3.33233
3.33633
3.34033
3.34433
3.34833
3.35234
3.35634
3.36034
3.36434
3.36834
3.37234
3.37634
3.38034
3.38434
3.38834
3.39234
3.39634
3.40034
3.40434
3.40834
3.41234
3.41634
3.42034
3.42434
3.42834
3.43234
3.43634
3.44034
3.44434
3.44834
3.45235
3.45635
3.46035
3.46435
3.46835
3.47235
3.47635
3.48035
3.48435
3.48835
3.49235
3.49635
3.50035
3.50435
3.50835
3.51235
3.51635
3.52035
3.52435
3.52835
3.53235
3.53635
3.54035
3.54435
3.54835
3.55236
3.55636
3.56036
3.56436
3.56836
3.57236
3.57636
3.58036
3.58436
3.58836
3.59236
3.59636
3.60036
3.60436
3.60836
3.61236
3.61636
3.62036
3.62436
3.62836
3.63236
3.63636
3.64036
3.64436
3.64836
3.65237
3.65637
3.66037
3.66437
3.66837
3.67237
3.67637
3.68037
3.68437
3.68837
3.69237
3.69637
3.70037
3.70437
3.70837
3.71237
3.71637
3.72037
3.72437
3.72837
3.73237
3.73637
3.74037
3.74437
3.74837
3.75238
3.75638
3.76038
3.76438
3.76838
3.77238
3.77638
3.78038
3.78438
3.78838
3.79238
3.79638
3.80038
3.80438
3.80838
3.81238
3.81638
3.82038
3.82438
3.82838
3.83238
3.83638
3.84038
3.84438
3.84838
3.85239
3.85639
3.86039
3.86439
3.86839
3.87239
3.87639
3.88039
3.88439
3.88839
3.89239
3.89639
3.90039
3.90439
3.90839
3.91239
3.91639
3.92039
3.92439
3.92839
3.93239
3.93639
3.94039
3.94439
3.94839
3.9524
3.9564
3.9604
3.9644
3.9684
3.9724
3.9764
3.9804
3.9844
3.9884
3.9924
3.9964
4.0004
4.0044
4.0084
4.0124
4.0164
4.0204
4.0244
4.0284
4.0324
4.0364
4.0404
4.0444
4.0484
4.05241
4.05641
4.06041
4.06441
4.06841
4.07241
4.07641
4.08041
4.08441
4.08841
4.09241
4.09641
4.10041
4.10441
4.10841
4.11241
4.11641
4.12041
4.12441
4.12841
4.13241
4.13641
4.14041
4.14441
4.14841
4.15242
4.15642
4.16042
4.16442
4.16842
4.17242
4.17642
4.18042
4.18442
4.18842
4.19242
4.19642
4.20042
4.20442
4.20842
4.21242
4.21642
4.22042
4.22442
4.22842
4.23242
4.23642
4.24042
4.24442
4.24842
4.25243
4.25643
4.26043
4.26443
4.26843
4.27243
4.27643
4.28043
4.28443
4.28843
4.29243
4.29643
4.30043
4.30443
4.30843
4.31243
4.31643
4.32043
4.32443
4.32843
4.33243
4.33643
4.34043
4.34443
4.34843
4.35244
4.35644
4.36044
4.36444
4.36844
4.37244
4.37644
4.38044
4.38444
4.38844
4.39244
4.39644
4.40044
4.40444
4.40844
4.41244
4.41644
4.42044
4.42444
4.42844
4.43244
4.43644
4.44044
4.44444
4.44844
4.45245
4.45645
4.46045
4.46445
4.46845
4.47245
4.47645
4.48045
4.48445
4.48845
4.49245
4.49645
4.50045
4.50445
4.50845
4.51245
4.51645
4.52045
4.52445
4.52845
4.53245
4.53645
4.54045
4.54445
4.54845
4.55246
4.55646
4.56046
4.56446
4.56846
4.57246
4.57646
4.58046
4.58446
4.58846
4.59246
4.59646
4.60046
4.60446
4.60846
4.61246
4.61646
4.62046
4.62446
4.62846
4.63246
4.63646
4.64046
4.64446
4.64846
4.65247
4.65647
4.66047
4.66447
4.66847
4.67247
4.67647
4.68047
4.68447
4.68847
4.69247
4.69647
4.70047
4.70447
4.70847
4.71247
4.71647
4.72047
4.72447
4.72847
4.73247
4.73647
4.74047
4.74447
4.74847
4.75248
4.75648
4.76048
4.76448
4.76848
4.77248
4.77648
4.78048
4.78448
4.78848
4.79248
4.79648
4.80048
4.80448
4.80848
4.81248
4.81648
4.82048
4.82448
4.82848
4.83248
4.83648
4.84048
4.84448
4.84848
4.85249
4.85649
4.86049
4.86449
4.86849
4.87249
4.87649
4.88049
4.88449
4.88849
4.89249
4.89649
4.90049
4.90449
4.90849
4.91249
4.91649
4.92049
4.92449
4.92849
4.93249
4.93649
4.94049
4.94449
4.94849
4.9525
4.9565
4.9605
4.9645
4.9685
4.9725
4.9765
4.9805
4.9845
4.9885
4.9925
4.9965
5.0005
5.0045
5.0085
5.0125
5.0165
5.0205
5.0245
5.0285
5.0325
5.0365
5.0405
5.0445
5.0485
5.05251
5.05651
5.06051
5.06451
5.06851
5.07251
5.07651
5.08051
5.08451
5.08851
5.09251
5.09651
5.10051
5.10451
5.10851
5.11251
5.11651
5.12051
5.12451
5.12851
5.13251
5.13651
5.14051
5.14451
5.14851
5.15252
5.15652
5.16052
5.16452
5.16852
5.17252
5.17652
5.18052
5.18452
5.18852
5.19252
5.19652
5.20052
5.20452
5.20852
5.21252
5.21652
5.22052
5.22452
5.22852
5.23252
5.23652
5.24052
5.24452
5.24852
5.25253
5.25653
5.26053
5.26453
5.26853
5.27253
5.27653
5.28053
5.28453
5.28853
5.29253
5.29653
5.30053
5.30453
5.30853
5.31253
5.31653
5.32053
5.32453
5.32853
5.33253
5.33653
5.34053
5.34453
5.34853
5.35254
5.35654
5.36054
5.36454
5.36854
5.37254
5.37654
5.38054
5.38454
5.38854
5.39254
5.39654
5.40054
5.40454
5.40854
5.41254
5.41654
5.42054
5.42454
5.42854
5.43254
5.43654
5.44054
5.44454
5.44854
5.45255
5.45655
5.46055
5.46455
5.46855
5.47255
5.47655
5.48055
5.48455
5.48855
5.49255
5.49655
5.50055
5.50455
5.50855
5.51255
5.51655
5.52055
5.52455
5.52855
5.53255
5.53655
5.54055
5.54455
5.54855
5.55256
5.55656
5.56056
5.56456
5.56856
5.57256
5.57656
5.58056
5.58456
5.58856
5.59256
5.59656
5.60056
5.60456
5.60856
5.61256
5.61656
5.62056
5.62456
5.62856
5.63256
5.63656
5.64056
5.64456
5.64856
5.65257
5.65657
5.66057
5.66457
5.66857
5.67257
5.67657
5.68057
5.68457
5.68857
5.69257
5.69657
5.70057
5.70457
5.70857
5.71257
5.71657
5.72057
5.72457
5.72857
5.73257
5.73657
5.74057
5.74457
5.74857
5.75258
5.75658
5.76058
5.76458
5.76858
5.77258
5.77658
5.78058
5.78458
5.78858
5.79258
5.79658
5.80058
5.80458
5.80858
5.81258
5.81658
5.82058
5.82458
5.82858
5.83258
5.83658
5.84058
5.84458
5.84858
5.85259
5.85659
5.86059
5.86459
5.86859
5.87259
5.87659
5.88059
5.88459
5.88859
5.89259
5.89659
5.90059
5.90459
5.90859
5.91259
5.91659
5.92059
5.92459
5.92859
5.93259
5.93659
5.94059
5.94459
5.94859
5.9526
5.9566
5.9606
5.9646
5.9686
5.9726
5.9766
5.9806
5.9846
5.9886
5.9926
5.9966
6.0006
6.0046
6.0086
6.0126
6.0166
6.0206
6.0246
6.0286
6.0326
6.0366
6.0406
6.0446
6.0486
6.05261
6.05661
6.06061
6.06461
6.06861
6.07261
6.07661
6.08061
6.08461
6.08861
6.09261
6.09661
6.10061
6.10461
6.10861
6.11261
6.11661
6.12061
6.12461
6.12861
6.13261
6.13661
6.14061
6.14461
6.14861
6.15262
6.15662
6.16062
6.16462
6.16862
6.17262
6.17662
6.18062
6.18462
6.18862
6.19262
6.19662
6.20062
6.20462
6.20862
6.21262
6.21662
6.22062
6.22462
6.22862
6.23262
6.23662
6.24062
6.24462
6.24862
6.25263
6.25663
6.26063
6.26463
6.26863
6.27263
6.27663
6.28063
6.28463
6.28863
6.29263
6.29663
6.30063
6.30463
6.30863
6.31263
6.31663
6.32063
6.32463
6.32863
6.33263
6.33663
6.34063
6.34463
6.34863
6.35264
6.35664
6.36064
6.36464
6.36864
6.37264
6.37664
6.38064
6.38464
6.38864
6.39264
6.39664
6.40064
6.40464
6.40864
6.41264
6.41664
6.42064
6.42464
6.42864
6.43264
6.43664
6.44064
6.44464
6.44864
6.45265
6.45665
6.46065
6.46465
6.46865
6.47265
6.47665
6.48065
6.48465
6.48865
6.49265
6.49665
6.50065
6.50465
6.50865
6.51265
6.51665
6.52065
6.52465
6.52865
6.53265
6.53665
6.54065
6.54465
6.54865
6.55266
6.55666
6.56066
6.56466
6.56866
6.57266
6.57666
6.58066
6.58466
6.58866
6.59266
6.59666
6.60066
6.60466
6.60866
6.61266
6.61666
6.62066
6.62466
6.62866
6.63266
6.63666
6.64066
6.64466
6.64866
6.65267
6.65667
6.66067
6.66467
6.66867
6.67267
6.67667
6.68067
6.68467
6.68867
6.69267
6.69667
6.70067
6.70467
6.70867
6.71267
6.71667
6.72067
6.72467
6.72867
6.73267
6.73667
6.74067
6.74467
6.74867
6.75268
6.75668
6.76068
6.76468
6.76868
6.77268
6.77668
6.78068
6.78468
6.78868
6.79268
6.79668
6.80068
6.80468
6.80868
6.81268
6.81668
6.82068
6.82468
6.82868
6.83268
6.83668
6.84068
6.84468
6.84868
6.85269
6.85669
6.86069
6.86469
6.86869
6.87269
6.87669
6.88069
6.88469
6.88869
6.89269
6.89669
6.90069
6.90469
6.90869
6.91269
6.91669
6.92069
6.92469
6.92869
6.93269
6.93669
6.94069
6.94469
6.94869
6.9527
6.9567
6.9607
6.9647
6.9687
6.9727
6.9767
6.9807
6.9847
6.9887
6.9927
6.9967
7.0007
7.0047
7.0087
7.0127
7.0167
7.0207
7.0247
7.0287
7.0327
7.0367
7.0407
7.0447
7.0487
7.05271
7.05671
7.06071
7.06471
7.06871
7.07271
7.07671
7.08071
7.08471
7.08871
7.09271
7.09671
7.10071
7.10471
7.10871
7.11271
7.11671
7.12071
7.12471
7.12871
7.13271
7.13671
7.14071
7.14471
7.14871
7.15272
7.15672
7.16072
7.16472
7.16872
7.17272
7.17672
7.18072
7.18472
7.18872
7.19272
7.19672
7.20072
7.20472
7.20872
7.21272
7.21672
7.22072
7.22472
7.22872
7.23272
7.23672
7.24072
7.24472
7.24872
7.25273
7.25673
7.26073
7.26473
7.26873
7.27273
7.27673
7.28073
7.28473
7.28873
7.29273
7.29673
7.30073
7.30473
7.30873
7.31273
7.31673
7.32073
7.32473
7.32873
7.33273
7.33673
7.34073
7.34473
7.34873
7.35274
7.35674
7.36074
7.36474
7.36874
7.37274
7.37674
7.38074
7.38474
7.38874
7.39274
7.39674
7.40074
7.40474
7.40874
7.41274
7.41674
7.42074
7.42474
7.42874
7.43274
7.43674
7.44074
7.44474
7.44874
7.45275
7.45675
7.46075
7.46475
7.46875
7.47275
7.47675
7.48075
7.48475
7.48875
7.49275
7.49675
7.50075
7.50475
7.50875
7.51275
7.51675
7.52075
7.52475
7.52875
7.53275
7.53675
7.54075
7.54475
7.54875
7.55276
7.55676
7.56076
7.56476
7.56876
7.57276
7.57676
7.58076
7.58476
7.58876
7.59276
7.59676
7.60076
7.60476
7.60876
7.61276
7.61676
7.62076
7.62476
7.62876
7.63276
7.63676
7.64076
7.64476
7.64876
7.65277
7.65677
7.66077
7.66477
7.66877
7.67277
7.67677
7.68077
7.68477
7.68877
7.69277
7.69677
7.70077
7.70477
7.70877
7.71277
7.71677
7.72077
7.72477
7.72877
7.73277
7.73677
7.74077
7.74477
7.74877
7.75278
7.75678
7.76078
7.76478
7.76878
7.77278
7.77678
7.78078
7.78478
7.78878
7.79278
7.79678
7.80078
7.80478
7.80878
7.81278
7.81678
7.82078
7.82478
7.82878
7.83278
7.83678
7.84078
7.84478
7.84878
7.85279
7.85679
7.86079
7.86479
7.86879
7.87279
7.87679
7.88079
7.88479
7.88879
7.89279
7.89679
7.90079
7.90479
7.90879
7.91279
7.91679
7.92079
7.92479
7.92879
7.93279
7.93679
7.94079
7.94479
7.94879
7.9528
7.9568
7.9608
7.9648
7.9688
7.9728
7.9768
7.9808
7.9848
7.9888
7.9928
7.9968
8.0008
8.0048
8.0088
8.0128
8.0168
8.0208
8.0248
8.0288
8.0328
8.0368
8.0408
8.0448
8.0488
8.05281
8.05681
8.06081
8.06481
8.06881
8.07281
8.07681
8.08081
8.08481
8.08881
8.09281
8.09681
8.10081
8.10481
8.10881
8.11281
8.11681
8.12081
8.12481
8.12881
8.13281
8.13681
8.14081
8.14481
8.14881
8.15282
8.15682
8.16082
8.16482
8.16882
8.17282
8.17682
8.18082
8.18482
8.18882
8.19282
8.19682
8.20082
8.20482
8.20882
8.21282
8.21682
8.22082
8.22482
8.22882
8.23282
8.23682
8.24082
8.24482
8.24882
8.25283
8.25683
8.26083
8.26483
8.26883
8.27283
8.27683
8.28083
8.28483
8.28883
8.29283
8.29683
8.30083
8.30483
8.30883
8.31283
8.31683
8.32083
8.32483
8.32883
8.33283
8.33683
8.34083
8.34483
8.34883
8.35284
8.35684
8.36084
8.36484
8.36884
8.37284
8.37684
8.38084
8.38484
8.38884
8.39284
8.39684
8.40084
8.40484
8.40884
8.41284
8.41684
8.42084
8.42484
8.42884
8.43284
8.43684
8.44084
8.44484
8.44884
8.45285
8.45685
8.46085
8.46485
8.46885
8.47285
8.47685
8.48085
8.48485
8.48885
8.49285
8.49685
8.50085
8.50485
8.50885
8.51285
8.51685
8.52085
8.52485
8.52885
8.53285
8.53685
8.54085
8.54485
8.54885
8.55286
8.55686
8.56086
8.56486
8.56886
8.57286
8.57686
8.58086
8.58486
8.58886
8.59286
8.59686
8.60086
8.60486
8.60886
8.61286
8.61686
8.62086
8.62486
8.62886
8.63286
8.63686
8.64086
8.64486
8.64886
8.65287
8.65687
8.66087
8.66487
8.66887
8.67287
8.67687
8.68087
8.68487
8.68887
8.69287
8.69687
8.70087
8.70487
8.70887
8.71287
8.71687
8.72087
8.72487
8.72887
8.73287
8.73687
8.74087
8.74487
8.74887
8.75288
8.75688
8.76088
8.76488
8.76888
8.77288
8.77688
8.78088
8.78488
8.78888
8.79288
8.79688
8.80088
8.80488
8.80888
8.81288
8.81688
8.82088
8.82488
8.82888
8.83288
8.83688
8.84088
8.84488
8.84888
8.85289
8.85689
8.86089
8.86489
8.86889
8.87289
8.87689
8.88089
8.88489
8.88889
8.89289
8.89689
8.90089
8.90489
8.90889
8.91289
8.91689
8.92089
8.92489
8.92889
8.93289
8.93689
8.94089
8.94489
8.94889
8.9529
8.9569
8.9609
8.9649
8.9689
8.9729
8.9769
8.9809
8.9849
8.9889
8.9929
8.9969
9.0009
9.0049
9.0089
9.0129
9.0169
9.0209
9.0249
9.0289
9.0329
9.0369
9.0409
9.0449
9.0489
9.05291
9.05691
9.06091
9.06491
9.06891
9.07291
9.07691
9.08091
9.08491
9.08891
9.09291
9.09691
9.10091
9.10491
9.10891
9.11291
9.11691
9.12091
9.12491
9.12891
9.13291
9.13691
9.14091
9.14491
9.14891
9.15292
9.15692
9.16092
9.16492
9.16892
9.17292
9.17692
9.18092
9.18492
9.18892
9.19292
9.19692
9.20092
9.20492
9.20892
9.21292
9.21692
9.22092
9.22492
9.22892
9.23292
9.23692
9.24092
9.24492
9.24892
9.25293
9.25693
9.26093
9.26493
9.26893
9.27293
9.27693
9.28093
9.28493
9.28893
9.29293
9.29693
9.30093
9.30493
9.30893
9.31293
9.31693
9.32093
9.32493
9.32893
9.33293
9.33693
9.34093
9.34493
9.34893
9.35294
9.35694
9.36094
9.36494
9.36894
9.37294
9.37694
9.38094
9.38494
9.38894
9.39294
9.39694
9.40094
9.40494
9.40894
9.41294
9.41694
9.42094
9.42494
9.42894
9.43294
9.43694
9.44094
9.44494
9.44894
9.45295
9.45695
9.46095
9.46495
9.46895
9.47295
9.47695
9.48095
9.48495
9.48895
9.49295
9.49695
9.50095
9.50495
9.50895
9.51295
9.51695
9.52095
9.52495
9.52895
9.53295
9.53695
9.54095
9.54495
9.54895
9.55296
9.55696
9.56096
9.56496
9.56896
9.57296
9.57696
9.58096
9.58496
9.58896
9.59296
9.59696
9.60096
9.60496
9.60896
9.61296
9.61696
9.62096
9.62496
9.62896
9.63296
9.63696
9.64096
9.64496
9.64896
9.65297
9.65697
9.66097
9.66497
9.66897
9.67297
9.67697
9.68097
9.68497
9.68897
9.69297
9.69697
9.70097
9.70497
9.70897
9.71297
9.71697
9.72097
9.72497
9.72897
9.73297
9.73697
9.74097
9.74497
9.74897
9.75298
9.75698
9.76098
9.76498
9.76898
9.77298
9.77698
9.78098
9.78498
9.78898
9.79298
9.79698
9.80098
9.80498
9.80898
9.81298
9.81698
9.82098
9.82498
9.82898
9.83298
9.83698
9.84098
9.84498
9.84898
9.85299
9.85699
9.86099
9.86499
9.86899
9.87299
9.87699
9.88099
9.88499
9.88899
9.89299
9.89699
9.90099
9.90499
9.90899
9.91299
9.91699
9.92099
9.92499
9.92899
9.93299
9.93699
9.94099
9.94499
9.94899
9.953
9.957
9.961
9.965
9.969
9.973
9.977
9.981
9.985
9.989
9.993
9.997
10.001
10.005
10.009
10.013
10.017
10.021
10.025
10.029
10.033
10.037
10.041
10.045
10.049
10.053
10.057
10.061
10.065
10.069
10.073
10.077
10.081
10.085
10.089
10.093
10.097
10.101
10.105
10.109
10.113
10.117
10.121
10.125
10.129
10.133
10.137
10.141
10.145
10.149
10.153
10.157
10.161
10.165
10.169
10.173
10.177
10.181
10.185
10.189
10.193
10.197
10.201
10.205
10.209
10.213
10.217
10.221
10.225
10.229
10.233
10.237
10.241
10.245
10.249
10.253
10.257
10.261
10.265
10.269
10.273
10.277
10.281
10.285
10.289
10.293
10.297
10.301
10.305
10.309
10.313
10.317
10.321
10.325
10.329
10.333
10.337
10.341
10.345
10.349
10.353
10.357
10.361
10.365
10.369
10.373
10.377
10.381
10.385
10.389
10.393
10.397
10.401
10.405
10.409
10.413
10.417
10.421
10.425
10.429
10.433
10.437
10.441
10.445
10.449
10.453
10.457
10.461
10.465
10.469
10.473
10.477
10.481
10.485
10.489
10.493
10.497
10.5011
10.5051
10.5091
10.5131
10.5171
10.5211
10.5251
10.5291
10.5331
10.5371
10.5411
10.5451
10.5491
10.5531
10.5571
10.5611
10.5651
10.5691
10.5731
10.5771
10.5811
10.5851
10.5891
10.5931
10.5971
10.6011
10.6051
10.6091
10.6131
10.6171
10.6211
10.6251
10.6291
10.6331
10.6371
10.6411
10.6451
10.6491
10.6531
10.6571
10.6611
10.6651
10.6691
10.6731
10.6771
10.6811
10.6851
10.6891
10.6931
10.6971
10.7011
10.7051
10.7091
10.7131
10.7171
10.7211
10.7251
10.7291
10.7331
10.7371
10.7411
10.7451
10.7491
10.7531
10.7571
10.7611
10.7651
10.7691
10.7731
10.7771
10.7811
10.7851
10.7891
10.7931
10.7971
10.8011
10.8051
10.8091
10.8131
10.8171
10.8211
10.8251
10.8291
10.8331
10.8371
10.8411
10.8451
10.8491
10.8531
10.8571
10.8611
10.8651
10.8691
10.8731
10.8771
10.8811
10.8851
10.8891
10.8931
10.8971
10.9011
10.9051
10.9091
10.9131
10.9171
10.9211
10.9251
10.9291
10.9331
10.9371
10.9411
10.9451
10.9491
10.9531
10.9571
10.9611
10.9651
10.9691
10.9731
10.9771
10.9811
10.9851
10.9891
10.9931
10.9971
11.0011
11.0051
11.0091
11.0131
11.0171
11.0211
11.0251
11.0291
11.0331
11.0371
11.0411
11.0451
11.0491
11.0531
11.0571
11.0611
11.0651
11.0691
11.0731
11.0771
11.0811
11.0851
11.0891
11.0931
11.0971
11.1011
11.1051
11.1091
11.1131
11.1171
11.1211
11.1251
11.1291
11.1331
11.1371
11.1411
11.1451
11.1491
11.1531
11.1571
11.1611
11.1651
11.1691
11.1731
11.1771
11.1811
11.1851
11.1891
11.1931
11.1971
11.2011
11.2051
11.2091
11.2131
11.2171
11.2211
11.2251
11.2291
11.2331
11.2371
11.2411
11.2451
11.2491
11.2531
11.2571
11.2611
11.2651
11.2691
11.2731
11.2771
11.2811
11.2851
11.2891
11.2931
11.2971
11.3011
11.3051
11.3091
11.3131
11.3171
11.3211
11.3251
11.3291
11.3331
11.3371
11.3411
11.3451
11.3491
11.3531
11.3571
11.3611
11.3651
11.3691
11.3731
11.3771
11.3811
11.3851
11.3891
11.3931
11.3971
11.4011
11.4051
11.4091
11.4131
11.4171
11.4211
11.4251
11.4291
11.4331
11.4371
11.4411
11.4451
11.4491
11.4531
11.4571
11.4611
11.4651
11.4691
11.4731
11.4771
11.4811
11.4851
11.4891
11.4931
11.4971
11.5012
11.5052
11.5092
11.5132
11.5172
11.5212
11.5252
11.5292
11.5332
11.5372
11.5412
11.5452
11.5492
11.5532
11.5572
11.5612
11.5652
11.5692
11.5732
11.5772
11.5812
11.5852
11.5892
11.5932
11.5972
11.6012
11.6052
11.6092
11.6132
11.6172
11.6212
11.6252
11.6292
11.6332
11.6372
11.6412
11.6452
11.6492
11.6532
11.6572
11.6612
11.6652
11.6692
11.6732
11.6772
11.6812
11.6852
11.6892
11.6932
11.6972
11.7012
11.7052
11.7092
11.7132
11.7172
11.7212
11.7252
11.7292
11.7332
11.7372
11.7412
11.7452
11.7492
11.7532
11.7572
11.7612
11.7652
11.7692
11.7732
11.7772
11.7812
11.7852
11.7892
11.7932
11.7972
11.8012
11.8052
11.8092
11.8132
11.8172
11.8212
11.8252
11.8292
11.8332
11.8372
11.8412
11.8452
11.8492
11.8532
11.8572
11.8612
11.8652
11.8692
11.8732
11.8772
11.8812
11.8852
11.8892
11.8932
11.8972
11.9012
11.9052
11.9092
11.9132
11.9172
11.9212
11.9252
11.9292
11.9332
11.9372
11.9412
11.9452
11.9492
11.9532
11.9572
11.9612
11.9652
11.9692
11.9732
11.9772
11.9812
11.9852
11.9892
11.9932
11.9972
12.0012
12.0052
12.0092
12.0132
12.0172
12.0212
12.0252
12.0292
12.0332
12.0372
12.0412
12.0452
12.0492
12.0532
12.0572
12.0612
12.0652
12.0692
12.0732
12.0772
12.0812
12.0852
12.0892
12.0932
12.0972
12.1012
12.1052
12.1092
12.1132
12.1172
12.1212
12.1252
12.1292
12.1332
12.1372
12.1412
12.1452
12.1492
12.1532
12.1572
12.1612
12.1652
12.1692
12.1732
12.1772
12.1812
12.1852
12.1892
12.1932
12.1972
12.2012
12.2052
12.2092
12.2132
12.2172
12.2212
12.2252
12.2292
12.2332
12.2372
12.2412
12.2452
12.2492
12.2532
12.2572
12.2612
12.2652
12.2692
12.2732
12.2772
12.2812
12.2852
12.2892
12.2932
12.2972
12.3012
12.3052
12.3092
12.3132
12.3172
12.3212
12.3252
12.3292
12.3332
12.3372
12.3412
12.3452
12.3492
12.3532
12.3572
12.3612
12.3652
12.3692
12.3732
12.3772
12.3812
12.3852
12.3892
12.3932
12.3972
12.4012
12.4052
12.4092
12.4132
12.4172
12.4212
12.4252
12.4292
12.4332
12.4372
12.4412
12.4452
12.4492
12.4532
12.4572
12.4612
12.4652
12.4692
12.4732
12.4772
12.4812
12.4852
12.4892
12.4932
12.4972
12.5013
12.5053
12.5093
12.5133
12.5173
12.5213
12.5253
12.5293
12.5333
12.5373
12.5413
12.5453
12.5493
12.5533
12.5573
12.5613
12.5653
12.5693
12.5733
12.5773
12.5813
12.5853
12.5893
12.5933
12.5973
12.6013
12.6053
12.6093
12.6133
12.6173
12.6213
12.6253
12.6293
12.6333
12.6373
12.6413
12.6453
12.6493
12.6533
12.6573
12.6613
12.6653
12.6693
12.6733
12.6773
12.6813
12.6853
12.6893
12.6933
12.6973
12.7013
12.7053
12.7093
12.7133
12.7173
12.7213
12.7253
12.7293
12.7333
12.7373
12.7413
12.7453
12.7493
12.7533
12.7573
12.7613
12.7653
12.7693
12.7733
12.7773
12.7813
12.7853
12.7893
12.7933
12.7973
12.8013
12.8053
12.8093
12.8133
12.8173
12.8213
12.8253
12.8293
12.8333
12.8373
12.8413
12.8453
12.8493
12.8533
12.8573
12.8613
12.8653
12.8693
12.8733
12.8773
12.8813
12.8853
12.8893
12.8933
12.8973
12.9013
12.9053
12.9093
12.9133
12.9173
12.9213
12.9253
12.9293
12.9333
12.9373
12.9413
12.9453
12.9493
12.9533
12.9573
12.9613
12.9653
12.9693
12.9733
12.9773
12.9813
12.9853
12.9893
12.9933
12.9973
13.0013
13.0053
13.0093
13.0133
13.0173
13.0213
13.0253
13.0293
13.0333
13.0373
13.0413
13.0453
13.0493
13.0533
13.0573
13.0613
13.0653
13.0693
13.0733
13.0773
13.0813
13.0853
13.0893
13.0933
13.0973
13.1013
13.1053
13.1093
13.1133
13.1173
13.1213
13.1253
13.1293
13.1333
13.1373
13.1413
13.1453
13.1493
13.1533
13.1573
13.1613
13.1653
13.1693
13.1733
13.1773
13.1813
13.1853
13.1893
13.1933
13.1973
13.2013
13.2053
13.2093
13.2133
13.2173
13.2213
13.2253
13.2293
13.2333
13.2373
13.2413
13.2453
13.2493
13.2533
13.2573
13.2613
13.2653
13.2693
13.2733
13.2773
13.2813
13.2853
13.2893
13.2933
13.2973
13.3013
13.3053
13.3093
13.3133
13.3173
13.3213
13.3253
13.3293
13.3333
13.3373
13.3413
13.3453
13.3493
13.3533
13.3573
13.3613
13.3653
13.3693
13.3733
13.3773
13.3813
13.3853
13.3893
13.3933
13.3973
13.4013
13.4053
13.4093
13.4133
13.4173
13.4213
13.4253
13.4293
13.4333
13.4373
13.4413
13.4453
13.4493
13.4533
13.4573
13.4613
13.4653
13.4693
13.4733
13.4773
13.4813
13.4853
13.4893
13.4933
13.4973
13.5014
13.5054
13.5094
13.5134
13.5174
13.5214
13.5254
13.5294
13.5334
13.5374
13.5414
13.5454
13.5494
13.5534
13.5574
13.5614
13.5654
13.5694
13.5734
13.5774
13.5814
13.5854
13.5894
13.5934
13.5974
13.6014
13.6054
13.6094
13.6134
13.6174
13.6214
13.6254
13.6294
13.6334
13.6374
13.6414
13.6454
13.6494
13.6534
13.6574
13.6614
13.6654
13.6694
13.6734
13.6774
13.6814
13.6854
13.6894
13.6934
13.6974
13.7014
13.7054
13.7094
13.7134
13.7174
13.7214
13.7254
13.7294
13.7334
13.7374
13.7414
13.7454
13.7494
13.7534
13.7574
13.7614
13.7654
13.7694
13.7734
13.7774
13.7814
13.7854
13.7894
13.7934
13.7974
13.8014
13.8054
13.8094
13.8134
13.8174
13.8214
13.8254
13.8294
13.8334
13.8374
13.8414
13.8454
13.8494
13.8534
13.8574
13.8614
13.8654
13.8694
13.8734
13.8774
13.8814
13.8854
13.8894
13.8934
13.8974
13.9014
13.9054
13.9094
13.9134
13.9174
13.9214
13.9254
13.9294
13.9334
13.9374
13.9414
13.9454
13.9494
13.9534
13.9574
13.9614
13.9654
13.9694
13.9734
13.9774
13.9814
13.9854
13.9894
13.9934
13.9974
14.0014
14.0054
14.0094
14.0134
14.0174
14.0214
14.0254
14.0294
14.0334
14.0374
14.0414
14.0454
14.0494
14.0534
14.0574
14.0614
14.0654
14.0694
14.0734
14.0774
14.0814
14.0854
14.0894
14.0934
14.0974
14.1014
14.1054
14.1094
14.1134
14.1174
14.1214
14.1254
14.1294
14.1334
14.1374
14.1414
14.1454
14.1494
14.1534
14.1574
14.1614
14.1654
14.1694
14.1734
14.1774
14.1814
14.1854
14.1894
14.1934
14.1974
14.2014
14.2054
14.2094
14.2134
14.2174
14.2214
14.2254
14.2294
14.2334
14.2374
14.2414
14.2454
14.2494
14.2534
14.2574
14.2614
14.2654
14.2694
14.2734
14.2774
14.2814
14.2854
14.2894
14.2934
14.2974
14.3014
14.3054
14.3094
14.3134
14.3174
14.3214
14.3254
14.3294
14.3334
14.3374
14.3414
14.3454
14.3494
14.3534
14.3574
14.3614
14.3654
14.3694
14.3734
14.3774
14.3814
14.3854
14.3894
14.3934
14.3974
14.4014
14.4054
14.4094
14.4134
14.4174
14.4214
14.4254
14.4294
14.4334
14.4374
14.4414
14.4454
14.4494
14.4534
14.4574
14.4614
14.4654
14.4694
14.4734
14.4774
14.4814
14.4854
14.4894
14.4934
14.4974
14.5015
14.5055
14.5095
14.5135
14.5175
14.5215
14.5255
14.5295
14.5335
14.5375
14.5415
14.5455
14.5495
14.5535
14.5575
14.5615
14.5655
14.5695
14.5735
14.5775
14.5815
14.5855
14.5895
14.5935
14.5975
14.6015
14.6055
14.6095
14.6135
14.6175
14.6215
14.6255
14.6295
14.6335
14.6375
14.6415
14.6455
14.6495
14.6535
14.6575
14.6615
14.6655
14.6695
14.6735
14.6775
14.6815
14.6855
14.6895
14.6935
14.6975
14.7015
14.7055
14.7095
14.7135
14.7175
14.7215
14.7255
14.7295
14.7335
14.7375
14.7415
14.7455
14.7495
14.7535
14.7575
14.7615
14.7655
14.7695
14.7735
14.7775
14.7815
14.7855
14.7895
14.7935
14.7975
14.8015
14.8055
14.8095
14.8135
14.8175
14.8215
14.8255
14.8295
14.8335
14.8375
14.8415
14.8455
14.8495
14.8535
14.8575
14.8615
14.8655
14.8695
14.8735
14.8775
14.8815
14.8855
14.8895
14.8935
14.8975
14.9015
14.9055
14.9095
14.9135
14.9175
14.9215
14.9255
14.9295
14.9335
14.9375
14.9415
14.9455
14.9495
14.9535
14.9575
14.9615
14.9655
14.9695
14.9735
14.9775
14.9815
14.9855
14.9895
14.9935
14.9975
15.0015
15.0055
15.0095
15.0135
15.0175
15.0215
15.0255
15.0295
15.0335
15.0375
15.0415
15.0455
15.0495
15.0535
15.0575
15.0615
15.0655
15.0695
15.0735
15.0775
15.0815
15.0855
15.0895
15.0935
15.0975
15.1015
15.1055
15.1095
15.1135
15.1175
15.1215
15.1255
15.1295
15.1335
15.1375
15.1415
15.1455
15.1495
15.1535
15.1575
15.1615
15.1655
15.1695
15.1735
15.1775
15.1815
15.1855
15.1895
15.1935
15.1975
15.2015
15.2055
15.2095
15.2135
15.2175
15.2215
15.2255
15.2295
15.2335
15.2375
15.2415
15.2455
15.2495
15.2535
15.2575
15.2615
15.2655
15.2695
15.2735
15.2775
15.2815
15.2855
15.2895
15.2935
15.2975
15.3015
15.3055
15.3095
15.3135
15.3175
15.3215
15.3255
15.3295
15.3335
15.3375
15.3415
15.3455
15.3495
15.3535
15.3575
15.3615
15.3655
15.3695
15.3735
15.3775
15.3815
15.3855
15.3895
15.3935
15.3975
15.4015
15.4055
15.4095
15.4135
15.4175
15.4215
15.4255
15.4295
15.4335
15.4375
15.4415
15.4455
15.4495
15.4535
15.4575
15.4615
15.4655
15.4695
15.4735
15.4775
15.4815
15.4855
15.4895
15.4935
15.4975
15.5016
15.5056
15.5096
15.5136
15.5176
15.5216
15.5256
15.5296
15.5336
15.5376
15.5416
15.5456
15.5496
15.5536
15.5576
15.5616
15.5656
15.5696
15.5736
15.5776
15.5816
15.5856
15.5896
15.5936
15.5976
15.6016
15.6056
15.6096
15.6136
15.6176
15.6216
15.6256
15.6296
15.6336
15.6376
15.6416
15.6456
15.6496
15.6536
15.6576
15.6616
15.6656
15.6696
15.6736
15.6776
15.6816
15.6856
15.6896
15.6936
15.6976
15.7016
15.7056
15.7096
15.7136
15.7176
15.7216
15.7256
15.7296
15.7336
15.7376
15.7416
15.7456
15.7496
15.7536
15.7576
15.7616
15.7656
15.7696
15.7736
15.7776
15.7816
15.7856
15.7896
15.7936
15.7976
15.8016
15.8056
15.8096
15.8136
15.8176
15.8216
15.8256
15.8296
15.8336
15.8376
15.8416
15.8456
15.8496
15.8536
15.8576
15.8616
15.8656
15.8696
15.8736
15.8776
15.8816
15.8856
15.8896
15.8936
15.8976
15.9016
15.9056
15.9096
15.9136
15.9176
15.9216
15.9256
15.9296
15.9336
15.9376
15.9416
15.9456
15.9496
15.9536
15.9576
15.9616
15.9656
15.9696
15.9736
15.9776
15.9816
15.9856
15.9896
15.9936
15.9976
16.0016
16.0056
16.0096
16.0136
16.0176
16.0216
16.0256
16.0296
16.0336
16.0376
16.0416
16.0456
16.0496
16.0536
16.0576
16.0616
16.0656
16.0696
16.0736
16.0776
16.0816
16.0856
16.0896
16.0936
16.0976
16.1016
16.1056
16.1096
16.1136
16.1176
16.1216
16.1256
16.1296
16.1336
16.1376
16.1416
16.1456
16.1496
16.1536
16.1576
16.1616
16.1656
16.1696
16.1736
16.1776
16.1816
16.1856
16.1896
16.1936
16.1976
16.2016
16.2056
16.2096
16.2136
16.2176
16.2216
16.2256
16.2296
16.2336
16.2376
16.2416
16.2456
16.2496
16.2536
16.2576
16.2616
16.2656
16.2696
16.2736
16.2776
16.2816
16.2856
16.2896
16.2936
16.2976
16.3016
16.3056
16.3096
16.3136
16.3176
16.3216
16.3256
16.3296
16.3336
16.3376
16.3416
16.3456
16.3496
16.3536
16.3576
16.3616
16.3656
16.3696
16.3736
16.3776
16.3816
16.3856
16.3896
16.3936
16.3976
16.4016
16.4056
16.4096
16.4136
16.4176
16.4216
16.4256
16.4296
16.4336
16.4376
16.4416
16.4456
16.4496
16.4536
16.4576
16.4616
16.4656
16.4696
16.4736
16.4776
16.4816
16.4856
16.4896
16.4936
16.4976
16.5017
16.5057
16.5097
16.5137
16.5177
16.5217
16.5257
16.5297
16.5337
16.5377
16.5417
16.5457
16.5497
16.5537
16.5577
16.5617
16.5657
16.5697
16.5737
16.5777
16.5817
16.5857
16.5897
16.5937
16.5977
16.6017
16.6057
16.6097
16.6137
16.6177
16.6217
16.6257
16.6297
16.6337
16.6377
16.6417
16.6457
16.6497
16.6537
16.6577
16.6617
16.6657
16.6697
16.6737
16.6777
16.6817
16.6857
16.6897
16.6937
16.6977
16.7017
16.7057
16.7097
16.7137
16.7177
16.7217
16.7257
16.7297
16.7337
16.7377
16.7417
16.7457
16.7497
16.7537
16.7577
16.7617
16.7657
16.7697
16.7737
16.7777
16.7817
16.7857
16.7897
16.7937
16.7977
16.8017
16.8057
16.8097
16.8137
16.8177
16.8217
16.8257
16.8297
16.8337
16.8377
16.8417
16.8457
16.8497
16.8537
16.8577
16.8617
16.8657
16.8697
16.8737
16.8777
16.8817
16.8857
16.8897
16.8937
16.8977
16.9017
16.9057
16.9097
16.9137
16.9177
16.9217
16.9257
16.9297
16.9337
16.9377
16.9417
16.9457
16.9497
16.9537
16.9577
16.9617
16.9657
16.9697
16.9737
16.9777
16.9817
16.9857
16.9897
16.9937
16.9977
17.0017
17.0057
17.0097
17.0137
17.0177
17.0217
17.0257
17.0297
17.0337
17.0377
17.0417
17.0457
17.0497
17.0537
17.0577
17.0617
17.0657
17.0697
17.0737
17.0777
17.0817
17.0857
17.0897
17.0937
17.0977
17.1017
17.1057
17.1097
17.1137
17.1177
17.1217
17.1257
17.1297
17.1337
17.1377
17.1417
17.1457
17.1497
17.1537
17.1577
17.1617
17.1657
17.1697
17.1737
17.1777
17.1817
17.1857
17.1897
17.1937
17.1977
17.2017
17.2057
17.2097
17.2137
17.2177
17.2217
17.2257
17.2297
17.2337
17.2377
17.2417
17.2457
17.2497
17.2537
17.2577
17.2617
17.2657
17.2697
17.2737
17.2777
17.2817
17.2857
17.2897
17.2937
17.2977
17.3017
17.3057
17.3097
17.3137
17.3177
17.3217
17.3257
17.3297
17.3337
17.3377
17.3417
17.3457
17.3497
17.3537
17.3577
17.3617
17.3657
17.3697
17.3737
17.3777
17.3817
17.3857
17.3897
17.3937
17.3977
17.4017
17.4057
17.4097
17.4137
17.4177
17.4217
17.4257
17.4297
17.4337
17.4377
17.4417
17.4457
17.4497
17.4537
17.4577
17.4617
17.4657
17.4697
17.4737
17.4777
17.4817
17.4857
17.4897
17.4937
17.4977
17.5018
17.5058
17.5098
17.5138
17.5178
17.5218
17.5258
17.5298
17.5338
17.5378
17.5418
17.5458
17.5498
17.5538
17.5578
17.5618
17.5658
17.5698
17.5738
17.5778
17.5818
17.5858
17.5898
17.5938
17.5978
17.6018
17.6058
17.6098
17.6138
17.6178
17.6218
17.6258
17.6298
17.6338
17.6378
17.6418
17.6458
17.6498
17.6538
17.6578
17.6618
17.6658
17.6698
17.6738
17.6778
17.6818
17.6858
17.6898
17.6938
17.6978
17.7018
17.7058
17.7098
17.7138
17.7178
17.7218
17.7258
17.7298
17.7338
17.7378
17.7418
17.7458
17.7498
17.7538
17.7578
17.7618
17.7658
17.7698
17.7738
17.7778
17.7818
17.7858
17.7898
17.7938
17.7978
17.8018
17.8058
17.8098
17.8138
17.8178
17.8218
17.8258
17.8298
17.8338
17.8378
17.8418
17.8458
17.8498
17.8538
17.8578
17.8618
17.8658
17.8698
17.8738
17.8778
17.8818
17.8858
17.8898
17.8938
17.8978
17.9018
17.9058
17.9098
17.9138
17.9178
17.9218
17.9258
17.9298
17.9338
17.9378
17.9418
17.9458
17.9498
17.9538
17.9578
17.9618
17.9658
17.9698
17.9738
17.9778
17.9818
17.9858
17.9898
17.9938
17.9978
18.0018
18.0058
18.0098
18.0138
18.0178
18.0218
18.0258
18.0298
18.0338
18.0378
18.0418
18.0458
18.0498
18.0538
18.0578
18.0618
18.0658
18.0698
18.0738
18.0778
18.0818
18.0858
18.0898
18.0938
18.0978
18.1018
18.1058
18.1098
18.1138
18.1178
18.1218
18.1258
18.1298
18.1338
18.1378
18.1418
18.1458
18.1498
18.1538
18.1578
18.1618
18.1658
18.1698
18.1738
18.1778
18.1818
18.1858
18.1898
18.1938
18.1978
18.2018
18.2058
18.2098
18.2138
18.2178
18.2218
18.2258
18.2298
18.2338
18.2378
18.2418
18.2458
18.2498
18.2538
18.2578
18.2618
18.2658
18.2698
18.2738
18.2778
18.2818
18.2858
18.2898
18.2938
18.2978
18.3018
18.3058
18.3098
18.3138
18.3178
18.3218
18.3258
18.3298
18.3338
18.3378
18.3418
18.3458
18.3498
18.3538
18.3578
18.3618
18.3658
18.3698
18.3738
18.3778
18.3818
18.3858
18.3898
18.3938
18.3978
18.4018
18.4058
18.4098
18.4138
18.4178
18.4218
18.4258
18.4298
18.4338
18.4378
18.4418
18.4458
18.4498
18.4538
18.4578
18.4618
18.4658
18.4698
18.4738
18.4778
18.4818
18.4858
18.4898
18.4938
18.4978
18.5019
18.5059
18.5099
18.5139
18.5179
18.5219
18.5259
18.5299
18.5339
18.5379
18.5419
18.5459
18.5499
18.5539
18.5579
18.5619
18.5659
18.5699
18.5739
18.5779
18.5819
18.5859
18.5899
18.5939
18.5979
18.6019
18.6059
18.6099
18.6139
18.6179
18.6219
18.6259
18.6299
18.6339
18.6379
18.6419
18.6459
18.6499
18.6539
18.6579
18.6619
18.6659
18.6699
18.6739
18.6779
18.6819
18.6859
18.6899
18.6939
18.6979
18.7019
18.7059
18.7099
18.7139
18.7179
18.7219
18.7259
18.7299
18.7339
18.7379
18.7419
18.7459
18.7499
18.7539
18.7579
18.7619
18.7659
18.7699
18.7739
18.7779
18.7819
18.7859
18.7899
18.7939
18.7979
18.8019
18.8059
18.8099
18.8139
18.8179
18.8219
18.8259
18.8299
18.8339
18.8379
18.8419
18.8459
18.8499
18.8539
18.8579
18.8619
18.8659
18.8699
18.8739
18.8779
18.8819
18.8859
18.8899
18.8939
18.8979
18.9019
18.9059
18.9099
18.9139
18.9179
18.9219
18.9259
18.9299
18.9339
18.9379
18.9419
18.9459
18.9499
18.9539
18.9579
18.9619
18.9659
18.9699
18.9739
18.9779
18.9819
18.9859
18.9899
18.9939
18.9979
19.0019
19.0059
19.0099
19.0139
19.0179
19.0219
19.0259
19.0299
19.0339
19.0379
19.0419
19.0459
19.0499
19.0539
19.0579
19.0619
19.0659
19.0699
19.0739
19.0779
19.0819
19.0859
19.0899
19.0939
19.0979
19.1019
19.1059
19.1099
19.1139
19.1179
19.1219
19.1259
19.1299
19.1339
19.1379
19.1419
19.1459
19.1499
19.1539
19.1579
19.1619
19.1659
19.1699
19.1739
19.1779
19.1819
19.1859
19.1899
19.1939
19.1979
19.2019
19.2059
19.2099
19.2139
19.2179
19.2219
19.2259
19.2299
19.2339
19.2379
19.2419
19.2459
19.2499
19.2539
19.2579
19.2619
19.2659
19.2699
19.2739
19.2779
19.2819
19.2859
19.2899
19.2939
19.2979
19.3019
19.3059
19.3099
19.3139
19.3179
19.3219
19.3259
19.3299
19.3339
19.3379
19.3419
19.3459
19.3499
19.3539
19.3579
19.3619
19.3659
19.3699
19.3739
19.3779
19.3819
19.3859
19.3899
19.3939
19.3979
19.4019
19.4059
19.4099
19.4139
19.4179
19.4219
19.4259
19.4299
19.4339
19.4379
19.4419
19.4459
19.4499
19.4539
19.4579
19.4619
19.4659
19.4699
19.4739
19.4779
19.4819
19.4859
19.4899
19.4939
19.4979
19.502
19.506
19.51
19.514
19.518
19.522
19.526
19.53
19.534
19.538
19.542
19.546
19.55
19.554
19.558
19.562
19.566
19.57
19.574
19.578
19.582
19.586
19.59
19.594
19.598
19.602
19.606
19.61
19.614
19.618
19.622
19.626
19.63
19.634
19.638
19.642
19.646
19.65
19.654
19.658
19.662
19.666
19.67
19.674
19.678
19.682
19.686
19.69
19.694
19.698
19.702
19.706
19.71
19.714
19.718
19.722
19.726
19.73
19.734
19.738
19.742
19.746
19.75
19.754
19.758
19.762
19.766
19.77
19.774
19.778
19.782
19.786
19.79
19.794
19.798
19.802
19.806
19.81
19.814
19.818
19.822
19.826
19.83
19.834
19.838
19.842
19.846
19.85
19.854
19.858
19.862
19.866
19.87
19.874
19.878
19.882
19.886
19.89
19.894
19.898
19.902
19.906
19.91
19.914
19.918
19.922
19.926
19.93
19.934
19.938
19.942
19.946
19.95
19.954
19.958
19.962
19.966
19.97
19.974
19.978
19.982
19.986
19.99
19.994
19.998
20.002
20.006
20.01
20.014
20.018
20.022
20.026
20.03
20.034
20.038
20.042
20.046
20.05
20.054
20.058
20.062
20.066
20.07
20.074
20.078
20.082
20.086
20.09
20.094
20.098
20.102
20.106
20.11
20.114
20.118
20.122
20.126
20.13
20.134
20.138
20.142
20.146
20.15
20.154
20.158
20.162
20.166
20.17
20.174
20.178
20.182
20.186
20.19
20.194
20.198
20.202
20.206
20.21
20.214
20.218
20.222
20.226
20.23
20.234
20.238
20.242
20.246
20.25
20.254
20.258
20.262
20.266
20.27
20.274
20.278
20.282
20.286
20.29
20.294
20.298
20.302
20.306
20.31
20.314
20.318
20.322
20.326
20.33
20.334
20.338
20.342
20.346
20.35
20.354
20.358
20.362
20.366
20.37
20.374
20.378
20.382
20.386
20.39
20.394
20.398
20.402
20.406
20.41
20.414
20.418
20.422
20.426
20.43
20.434
20.438
20.442
20.446
20.45
20.454
20.458
20.462
20.466
20.47
20.474
20.478
20.482
20.486
20.49
20.494
20.498
20.5021
20.5061
20.5101
20.5141
20.5181
20.5221
20.5261
20.5301
20.5341
20.5381
20.5421
20.5461
20.5501
20.5541
20.5581
20.5621
20.5661
20.5701
20.5741
20.5781
20.5821
20.5861
20.5901
20.5941
20.5981
20.6021
20.6061
20.6101
20.6141
20.6181
20.6221
20.6261
20.6301
20.6341
20.6381
20.6421
20.6461
20.6501
20.6541
20.6581
20.6621
20.6661
20.6701
20.6741
20.6781
20.6821
20.6861
20.6901
20.6941
20.6981
20.7021
20.7061
20.7101
20.7141
20.7181
20.7221
20.7261
20.7301
20.7341
20.7381
20.7421
20.7461
20.7501
20.7541
20.7581
20.7621
20.7661
20.7701
20.7741
20.7781
20.7821
20.7861
20.7901
20.7941
20.7981
20.8021
20.8061
20.8101
20.8141
20.8181
20.8221
20.8261
20.8301
20.8341
20.8381
20.8421
20.8461
20.8501
20.8541
20.8581
20.8621
20.8661
20.8701
20.8741
20.8781
20.8821
20.8861
20.8901
20.8941
20.8981
20.9021
20.9061
20.9101
20.9141
20.9181
20.9221
20.9261
20.9301
20.9341
20.9381
20.9421
20.9461
20.9501
20.9541
20.9581
20.9621
20.9661
20.9701
20.9741
20.9781
20.9821
20.9861
20.9901
20.9941
20.9981
21.0021
21.0061
21.0101
21.0141
21.0181
21.0221
21.0261
21.0301
21.0341
21.0381
21.0421
21.0461
21.0501
21.0541
21.0581
21.0621
21.0661
21.0701
21.0741
21.0781
21.0821
21.0861
21.0901
21.0941
21.0981
21.1021
21.1061
21.1101
21.1141
21.1181
21.1221
21.1261
21.1301
21.1341
21.1381
21.1421
21.1461
21.1501
21.1541
21.1581
21.1621
21.1661
21.1701
21.1741
21.1781
21.1821
21.1861
21.1901
21.1941
21.1981
21.2021
21.2061
21.2101
21.2141
21.2181
21.2221
21.2261
21.2301
21.2341
21.2381
21.2421
21.2461
21.2501
21.2541
21.2581
21.2621
21.2661
21.2701
21.2741
21.2781
21.2821
21.2861
21.2901
21.2941
21.2981
21.3021
21.3061
21.3101
21.3141
21.3181
21.3221
21.3261
21.3301
21.3341
21.3381
21.3421
21.3461
21.3501
21.3541
21.3581
21.3621
21.3661
21.3701
21.3741
21.3781
21.3821
21.3861
21.3901
21.3941
21.3981
21.4021
21.4061
21.4101
21.4141
21.4181
21.4221
21.4261
21.4301
21.4341
21.4381
21.4421
21.4461
21.4501
21.4541
21.4581
21.4621
21.4661
21.4701
21.4741
21.4781
21.4821
21.4861
21.4901
21.4941
21.4981
21.5022
21.5062
21.5102
21.5142
21.5182
21.5222
21.5262
21.5302
21.5342
21.5382
21.5422
21.5462
21.5502
21.5542
21.5582
21.5622
21.5662
21.5702
21.5742
21.5782
21.5822
21.5862
21.5902
21.5942
21.5982
21.6022
21.6062
21.6102
21.6142
21.6182
21.6222
21.6262
21.6302
21.6342
21.6382
21.6422
21.6462
21.6502
21.6542
21.6582
21.6622
21.6662
21.6702
21.6742
21.6782
21.6822
21.6862
21.6902
21.6942
21.6982
21.7022
21.7062
21.7102
21.7142
21.7182
21.7222
21.7262
21.7302
21.7342
21.7382
21.7422
21.7462
21.7502
21.7542
21.7582
21.7622
21.7662
21.7702
21.7742
21.7782
21.7822
21.7862
21.7902
21.7942
21.7982
21.8022
21.8062
21.8102
21.8142
21.8182
21.8222
21.8262
21.8302
21.8342
21.8382
21.8422
21.8462
21.8502
21.8542
21.8582
21.8622
21.8662
21.8702
21.8742
21.8782
21.8822
21.8862
21.8902
21.8942
21.8982
21.9022
21.9062
21.9102
21.9142
21.9182
21.9222
21.9262
21.9302
21.9342
21.9382
21.9422
21.9462
21.9502
21.9542
21.9582
21.9622
21.9662
21.9702
21.9742
21.9782
21.9822
21.9862
21.9902
21.9942
21.9982
22.0022
22.0062
22.0102
22.0142
22.0182
22.0222
22.0262
22.0302
22.0342
22.0382
22.0422
22.0462
22.0502
22.0542
22.0582
22.0622
22.0662
22.0702
22.0742
22.0782
22.0822
22.0862
22.0902
22.0942
22.0982
22.1022
22.1062
22.1102
22.1142
22.1182
22.1222
22.1262
22.1302
22.1342
22.1382
22.1422
22.1462
22.1502
22.1542
22.1582
22.1622
22.1662
22.1702
22.1742
22.1782
22.1822
22.1862
22.1902
22.1942
22.1982
22.2022
22.2062
22.2102
22.2142
22.2182
22.2222
22.2262
22.2302
22.2342
22.2382
22.2422
22.2462
22.2502
22.2542
22.2582
22.2622
22.2662
22.2702
22.2742
22.2782
22.2822
22.2862
22.2902
22.2942
22.2982
22.3022
22.3062
22.3102
22.3142
22.3182
22.3222
22.3262
22.3302
22.3342
22.3382
22.3422
22.3462
22.3502
22.3542
22.3582
22.3622
22.3662
22.3702
22.3742
22.3782
22.3822
22.3862
22.3902
22.3942
22.3982
22.4022
22.4062
22.4102
22.4142
22.4182
22.4222
22.4262
22.4302
22.4342
22.4382
22.4422
22.4462
22.4502
22.4542
22.4582
22.4622
22.4662
22.4702
22.4742
22.4782
22.4822
22.4862
22.4902
22.4942
22.4982
22.5023
22.5063
22.5103
22.5143
22.5183
22.5223
22.5263
22.5303
22.5343
22.5383
22.5423
22.5463
22.5503
22.5543
22.5583
22.5623
22.5663
22.5703
22.5743
22.5783
22.5823
22.5863
22.5903
22.5943
22.5983
22.6023
22.6063
22.6103
22.6143
22.6183
22.6223
22.6263
22.6303
22.6343
22.6383
22.6423
22.6463
22.6503
22.6543
22.6583
22.6623
22.6663
22.6703
22.6743
22.6783
22.6823
22.6863
22.6903
22.6943
22.6983
22.7023
22.7063
22.7103
22.7143
22.7183
22.7223
22.7263
22.7303
22.7343
22.7383
22.7423
22.7463
22.7503
22.7543
22.7583
22.7623
22.7663
22.7703
22.7743
22.7783
22.7823
22.7863
22.7903
22.7943
22.7983
22.8023
22.8063
22.8103
22.8143
22.8183
22.8223
22.8263
22.8303
22.8343
22.8383
22.8423
22.8463
22.8503
22.8543
22.8583
22.8623
22.8663
22.8703
22.8743
22.8783
22.8823
22.8863
22.8903
22.8943
22.8983
22.9023
22.9063
22.9103
22.9143
22.9183
22.9223
22.9263
22.9303
22.9343
22.9383
22.9423
22.9463
22.9503
22.9543
22.9583
22.9623
22.9663
22.9703
22.9743
22.9783
22.9823
22.9863
22.9903
22.9943
22.9983
23.0023
23.0063
23.0103
23.0143
23.0183
23.0223
23.0263
23.0303
23.0343
23.0383
23.0423
23.0463
23.0503
23.0543
23.0583
23.0623
23.0663
23.0703
23.0743
23.0783
23.0823
23.0863
23.0903
23.0943
23.0983
23.1023
23.1063
23.1103
23.1143
23.1183
23.1223
23.1263
23.1303
23.1343
23.1383
23.1423
23.1463
23.1503
23.1543
23.1583
23.1623
23.1663
23.1703
23.1743
23.1783
23.1823
23.1863
23.1903
23.1943
23.1983
23.2023
23.2063
23.2103
23.2143
23.2183
23.2223
23.2263
23.2303
23.2343
23.2383
23.2423
23.2463
23.2503
23.2543
23.2583
23.2623
23.2663
23.2703
23.2743
23.2783
23.2823
23.2863
23.2903
23.2943
23.2983
23.3023
23.3063
23.3103
23.3143
23.3183
23.3223
23.3263
23.3303
23.3343
23.3383
23.3423
23.3463
23.3503
23.3543
23.3583
23.3623
23.3663
23.3703
23.3743
23.3783
23.3823
23.3863
23.3903
23.3943
23.3983
23.4023
23.4063
23.4103
23.4143
23.4183
23.4223
23.4263
23.4303
23.4343
23.4383
23.4423
23.4463
23.4503
23.4543
23.4583
23.4623
23.4663
23.4703
23.4743
23.4783
23.4823
23.4863
23.4903
23.4943
23.4983
23.5024
23.5064
23.5104
23.5144
23.5184
23.5224
23.5264
23.5304
23.5344
23.5384
23.5424
23.5464
23.5504
23.5544
23.5584
23.5624
23.5664
23.5704
23.5744
23.5784
23.5824
23.5864
23.5904
23.5944
23.5984
23.6024
23.6064
23.6104
23.6144
23.6184
23.6224
23.6264
23.6304
23.6344
23.6384
23.6424
23.6464
23.6504
23.6544
23.6584
23.6624
23.6664
23.6704
23.6744
23.6784
23.6824
23.6864
23.6904
23.6944
23.6984
23.7024
23.7064
23.7104
23.7144
23.7184
23.7224
23.7264
23.7304
23.7344
23.7384
23.7424
23.7464
23.7504
23.7544
23.7584
23.7624
23.7664
23.7704
23.7744
23.7784
23.7824
23.7864
23.7904
23.7944
23.7984
23.8024
23.8064
23.8104
23.8144
23.8184
23.8224
23.8264
23.8304
23.8344
23.8384
23.8424
23.8464
23.8504
23.8544
23.8584
23.8624
23.8664
23.8704
23.8744
23.8784
23.8824
23.8864
23.8904
23.8944
23.8984
23.9024
23.9064
23.9104
23.9144
23.9184
23.9224
23.9264
23.9304
23.9344
23.9384
23.9424
23.9464
23.9504
23.9544
23.9584
23.9624
23.9664
23.9704
23.9744
23.9784
23.9824
23.9864
23.9904
23.9944
23.9984
24.0024
24.0064
24.0104
24.0144
24.0184
24.0224
24.0264
24.0304
24.0344
24.0384
24.0424
24.0464
24.0504
24.0544
24.0584
24.0624
24.0664
24.0704
24.0744
24.0784
24.0824
24.0864
24.0904
24.0944
24.0984
24.1024
24.1064
24.1104
24.1144
24.1184
24.1224
24.1264
24.1304
24.1344
24.1384
24.1424
24.1464
24.1504
24.1544
24.1584
24.1624
24.1664
24.1704
24.1744
24.1784
24.1824
24.1864
24.1904
24.1944
24.1984
24.2024
24.2064
24.2104
24.2144
24.2184
24.2224
24.2264
24.2304
24.2344
24.2384
24.2424
24.2464
24.2504
24.2544
24.2584
24.2624
24.2664
24.2704
24.2744
24.2784
24.2824
24.2864
24.2904
24.2944
24.2984
24.3024
24.3064
24.3104
24.3144
24.3184
24.3224
24.3264
24.3304
24.3344
24.3384
24.3424
24.3464
24.3504
24.3544
24.3584
24.3624
24.3664
24.3704
24.3744
24.3784
24.3824
24.3864
24.3904
24.3944
24.3984
24.4024
24.4064
24.4104
24.4144
24.4184
24.4224
24.4264
24.4304
24.4344
24.4384
24.4424
24.4464
24.4504
24.4544
24.4584
24.4624
24.4664
24.4704
24.4744
24.4784
24.4824
24.4864
24.4904
24.4944
24.4984
24.5025
24.5065
24.5105
24.5145
24.5185
24.5225
24.5265
24.5305
24.5345
24.5385
24.5425
24.5465
24.5505
24.5545
24.5585
24.5625
24.5665
24.5705
24.5745
24.5785
24.5825
24.5865
24.5905
24.5945
24.5985
24.6025
24.6065
24.6105
24.6145
24.6185
24.6225
24.6265
24.6305
24.6345
24.6385
24.6425
24.6465
24.6505
24.6545
24.6585
24.6625
24.6665
24.6705
24.6745
24.6785
24.6825
24.6865
24.6905
24.6945
24.6985
24.7025
24.7065
24.7105
24.7145
24.7185
24.7225
24.7265
24.7305
24.7345
24.7385
24.7425
24.7465
24.7505
24.7545
24.7585
24.7625
24.7665
24.7705
24.7745
24.7785
24.7825
24.7865
24.7905
24.7945
24.7985
24.8025
24.8065
24.8105
24.8145
24.8185
24.8225
24.8265
24.8305
24.8345
24.8385
24.8425
24.8465
24.8505
24.8545
24.8585
24.8625
24.8665
24.8705
24.8745
24.8785
24.8825
24.8865
24.8905
24.8945
24.8985
24.9025
24.9065
24.9105
24.9145
24.9185
24.9225
24.9265
24.9305
24.9345
24.9385
24.9425
24.9465
24.9505
24.9545
24.9585
24.9625
24.9665
24.9705
24.9745
24.9785
24.9825
24.9865
24.9905
24.9945
24.9985
25.0025
25.0065
25.0105
25.0145
25.0185
25.0225
25.0265
25.0305
25.0345
25.0385
25.0425
25.0465
25.0505
25.0545
25.0585
25.0625
25.0665
25.0705
25.0745
25.0785
25.0825
25.0865
25.0905
25.0945
25.0985
25.1025
25.1065
25.1105
25.1145
25.1185
25.1225
25.1265
25.1305
25.1345
25.1385
25.1425
25.1465
25.1505
25.1545
25.1585
25.1625
25.1665
25.1705
25.1745
25.1785
25.1825
25.1865
25.1905
25.1945
25.1985
25.2025
25.2065
25.2105
25.2145
25.2185
25.2225
25.2265
25.2305
25.2345
25.2385
25.2425
25.2465
25.2505
25.2545
25.2585
25.2625
25.2665
25.2705
25.2745
25.2785
25.2825
25.2865
25.2905
25.2945
25.2985
25.3025
25.3065
25.3105
25.3145
25.3185
25.3225
25.3265
25.3305
25.3345
25.3385
25.3425
25.3465
25.3505
25.3545
25.3585
25.3625
25.3665
25.3705
25.3745
25.3785
25.3825
25.3865
25.3905
25.3945
25.3985
25.4025
25.4065
25.4105
25.4145
25.4185
25.4225
25.4265
25.4305
25.4345
25.4385
25.4425
25.4465
25.4505
25.4545
25.4585
25.4625
25.4665
25.4705
25.4745
25.4785
25.4825
25.4865
25.4905
25.4945
25.4985
25.5026
25.5066
25.5106
25.5146
25.5186
25.5226
25.5266
25.5306
25.5346
25.5386
25.5426
25.5466
25.5506
25.5546
25.5586
25.5626
25.5666
25.5706
25.5746
25.5786
25.5826
25.5866
25.5906
25.5946
25.5986
25.6026
25.6066
25.6106
25.6146
25.6186
25.6226
25.6266
25.6306
25.6346
25.6386
25.6426
25.6466
25.6506
25.6546
25.6586
25.6626
25.6666
25.6706
25.6746
25.6786
25.6826
25.6866
25.6906
25.6946
25.6986
25.7026
25.7066
25.7106
25.7146
25.7186
25.7226
25.7266
25.7306
25.7346
25.7386
25.7426
25.7466
25.7506
25.7546
25.7586
25.7626
25.7666
25.7706
25.7746
25.7786
25.7826
25.7866
25.7906
25.7946
25.7986
25.8026
25.8066
25.8106
25.8146
25.8186
25.8226
25.8266
25.8306
25.8346
25.8386
25.8426
25.8466
25.8506
25.8546
25.8586
25.8626
25.8666
25.8706
25.8746
25.8786
25.8826
25.8866
25.8906
25.8946
25.8986
25.9026
25.9066
25.9106
25.9146
25.9186
25.9226
25.9266
25.9306
25.9346
25.9386
25.9426
25.9466
25.9506
25.9546
25.9586
25.9626
25.9666
25.9706
25.9746
25.9786
25.9826
25.9866
25.9906
25.9946
25.9986
26.0026
26.0066
26.0106
26.0146
26.0186
26.0226
26.0266
26.0306
26.0346
26.0386
26.0426
26.0466
26.0506
26.0546
26.0586
26.0626
26.0666
26.0706
26.0746
26.0786
26.0826
26.0866
26.0906
26.0946
26.0986
26.1026
26.1066
26.1106
26.1146
26.1186
26.1226
26.1266
26.1306
26.1346
26.1386
26.1426
26.1466
26.1506
26.1546
26.1586
26.1626
26.1666
26.1706
26.1746
26.1786
26.1826
26.1866
26.1906
26.1946
26.1986
26.2026
26.2066
26.2106
26.2146
26.2186
26.2226
26.2266
26.2306
26.2346
26.2386
26.2426
26.2466
26.2506
26.2546
26.2586
26.2626
26.2666
26.2706
26.2746
26.2786
26.2826
26.2866
26.2906
26.2946
26.2986
26.3026
26.3066
26.3106
26.3146
26.3186
26.3226
26.3266
26.3306
26.3346
26.3386
26.3426
26.3466
26.3506
26.3546
26.3586
26.3626
26.3666
26.3706
26.3746
26.3786
26.3826
26.3866
26.3906
26.3946
26.3986
26.4026
26.4066
26.4106
26.4146
26.4186
26.4226
26.4266
26.4306
26.4346
26.4386
26.4426
26.4466
26.4506
26.4546
26.4586
26.4626
26.4666
26.4706
26.4746
26.4786
26.4826
26.4866
26.4906
26.4946
26.4986
26.5027
26.5067
26.5107
26.5147
26.5187
26.5227
26.5267
26.5307
26.5347
26.5387
26.5427
26.5467
26.5507
26.5547
26.5587
26.5627
26.5667
26.5707
26.5747
26.5787
26.5827
26.5867
26.5907
26.5947
26.5987
26.6027
26.6067
26.6107
26.6147
26.6187
26.6227
26.6267
26.6307
26.6347
26.6387
26.6427
26.6467
26.6507
26.6547
26.6587
26.6627
26.6667
26.6707
26.6747
26.6787
26.6827
26.6867
26.6907
26.6947
26.6987
26.7027
26.7067
26.7107
26.7147
26.7187
26.7227
26.7267
26.7307
26.7347
26.7387
26.7427
26.7467
26.7507
26.7547
26.7587
26.7627
26.7667
26.7707
26.7747
26.7787
26.7827
26.7867
26.7907
26.7947
26.7987
26.8027
26.8067
26.8107
26.8147
26.8187
26.8227
26.8267
26.8307
26.8347
26.8387
26.8427
26.8467
26.8507
26.8547
26.8587
26.8627
26.8667
26.8707
26.8747
26.8787
26.8827
26.8867
26.8907
26.8947
26.8987
26.9027
26.9067
26.9107
26.9147
26.9187
26.9227
26.9267
26.9307
26.9347
26.9387
26.9427
26.9467
26.9507
26.9547
26.9587
26.9627
26.9667
26.9707
26.9747
26.9787
26.9827
26.9867
26.9907
26.9947
26.9987
27.0027
27.0067
27.0107
27.0147
27.0187
27.0227
27.0267
27.0307
27.0347
27.0387
27.0427
27.0467
27.0507
27.0547
27.0587
27.0627
27.0667
27.0707
27.0747
27.0787
27.0827
27.0867
27.0907
27.0947
27.0987
27.1027
27.1067
27.1107
27.1147
27.1187
27.1227
27.1267
27.1307
27.1347
27.1387
27.1427
27.1467
27.1507
27.1547
27.1587
27.1627
27.1667
27.1707
27.1747
27.1787
27.1827
27.1867
27.1907
27.1947
27.1987
27.2027
27.2067
27.2107
27.2147
27.2187
27.2227
27.2267
27.2307
27.2347
27.2387
27.2427
27.2467
27.2507
27.2547
27.2587
27.2627
27.2667
27.2707
27.2747
27.2787
27.2827
27.2867
27.2907
27.2947
27.2987
27.3027
27.3067
27.3107
27.3147
27.3187
27.3227
27.3267
27.3307
27.3347
27.3387
27.3427
27.3467
27.3507
27.3547
27.3587
27.3627
27.3667
27.3707
27.3747
27.3787
27.3827
27.3867
27.3907
27.3947
27.3987
27.4027
27.4067
27.4107
27.4147
27.4187
27.4227
27.4267
27.4307
27.4347
27.4387
27.4427
27.4467
27.4507
27.4547
27.4587
27.4627
27.4667
27.4707
27.4747
27.4787
27.4827
27.4867
27.4907
27.4947
27.4987
27.5028
27.5068
27.5108
27.5148
27.5188
27.5228
27.5268
27.5308
27.5348
27.5388
27.5428
27.5468
27.5508
27.5548
27.5588
27.5628
27.5668
27.5708
27.5748
27.5788
27.5828
27.5868
27.5908
27.5948
27.5988
27.6028
27.6068
27.6108
27.6148
27.6188
27.6228
27.6268
27.6308
27.6348
27.6388
27.6428
27.6468
27.6508
27.6548
27.6588
27.6628
27.6668
27.6708
27.6748
27.6788
27.6828
27.6868
27.6908
27.6948
27.6988
27.7028
27.7068
27.7108
27.7148
27.7188
27.7228
27.7268
27.7308
27.7348
27.7388
27.7428
27.7468
27.7508
27.7548
27.7588
27.7628
27.7668
27.7708
27.7748
27.7788
27.7828
27.7868
27.7908
27.7948
27.7988
27.8028
27.8068
27.8108
27.8148
27.8188
27.8228
27.8268
27.8308
27.8348
27.8388
27.8428
27.8468
27.8508
27.8548
27.8588
27.8628
27.8668
27.8708
27.8748
27.8788
27.8828
27.8868
27.8908
27.8948
27.8988
27.9028
27.9068
27.9108
27.9148
27.9188
27.9228
27.9268
27.9308
27.9348
27.9388
27.9428
27.9468
27.9508
27.9548
27.9588
27.9628
27.9668
27.9708
27.9748
27.9788
27.9828
27.9868
27.9908
27.9948
27.9988
28.0028
28.0068
28.0108
28.0148
28.0188
28.0228
28.0268
28.0308
28.0348
28.0388
28.0428
28.0468
28.0508
28.0548
28.0588
28.0628
28.0668
28.0708
28.0748
28.0788
28.0828
28.0868
28.0908
28.0948
28.0988
28.1028
28.1068
28.1108
28.1148
28.1188
28.1228
28.1268
28.1308
28.1348
28.1388
28.1428
28.1468
28.1508
28.1548
28.1588
28.1628
28.1668
28.1708
28.1748
28.1788
28.1828
28.1868
28.1908
28.1948
28.1988
28.2028
28.2068
28.2108
28.2148
28.2188
28.2228
28.2268
28.2308
28.2348
28.2388
28.2428
28.2468
28.2508
28.2548
28.2588
28.2628
28.2668
28.2708
28.2748
28.2788
28.2828
28.2868
28.2908
28.2948
28.2988
28.3028
28.3068
28.3108
28.3148
28.3188
28.3228
28.3268
28.3308
28.3348
28.3388
28.3428
28.3468
28.3508
28.3548
28.3588
28.3628
28.3668
28.3708
28.3748
28.3788
28.3828
28.3868
28.3908
28.3948
28.3988
28.4028
28.4068
28.4108
28.4148
28.4188
28.4228
28.4268
28.4308
28.4348
28.4388
28.4428
28.4468
28.4508
28.4548
28.4588
28.4628
28.4668
28.4708
28.4748
28.4788
28.4828
28.4868
28.4908
28.4948
28.4988
28.5029
28.5069
28.5109
28.5149
28.5189
28.5229
28.5269
28.5309
28.5349
28.5389
28.5429
28.5469
28.5509
28.5549
28.5589
28.5629
28.5669
28.5709
28.5749
28.5789
28.5829
28.5869
28.5909
28.5949
28.5989
28.6029
28.6069
28.6109
28.6149
28.6189
28.6229
28.6269
28.6309
28.6349
28.6389
28.6429
28.6469
28.6509
28.6549
28.6589
28.6629
28.6669
28.6709
28.6749
28.6789
28.6829
28.6869
28.6909
28.6949
28.6989
28.7029
28.7069
28.7109
28.7149
28.7189
28.7229
28.7269
28.7309
28.7349
28.7389
28.7429
28.7469
28.7509
28.7549
28.7589
28.7629
28.7669
28.7709
28.7749
28.7789
28.7829
28.7869
28.7909
28.7949
28.7989
28.8029
28.8069
28.8109
28.8149
28.8189
28.8229
28.8269
28.8309
28.8349
28.8389
28.8429
28.8469
28.8509
28.8549
28.8589
28.8629
28.8669
28.8709
28.8749
28.8789
28.8829
28.8869
28.8909
28.8949
28.8989
28.9029
28.9069
28.9109
28.9149
28.9189
28.9229
28.9269
28.9309
28.9349
28.9389
28.9429
28.9469
28.9509
28.9549
28.9589
28.9629
28.9669
28.9709
28.9749
28.9789
28.9829
28.9869
28.9909
28.9949
28.9989
29.0029
29.0069
29.0109
29.0149
29.0189
29.0229
29.0269
29.0309
29.0349
29.0389
29.0429
29.0469
29.0509
29.0549
29.0589
29.0629
29.0669
29.0709
29.0749
29.0789
29.0829
29.0869
29.0909
29.0949
29.0989
29.1029
29.1069
29.1109
29.1149
29.1189
29.1229
29.1269
29.1309
29.1349
29.1389
29.1429
29.1469
29.1509
29.1549
29.1589
29.1629
29.1669
29.1709
29.1749
29.1789
29.1829
29.1869
29.1909
29.1949
29.1989
29.2029
29.2069
29.2109
29.2149
29.2189
29.2229
29.2269
29.2309
29.2349
29.2389
29.2429
29.2469
29.2509
29.2549
29.2589
29.2629
29.2669
29.2709
29.2749
29.2789
29.2829
29.2869
29.2909
29.2949
29.2989
29.3029
29.3069
29.3109
29.3149
29.3189
29.3229
29.3269
29.3309
29.3349
29.3389
29.3429
29.3469
29.3509
29.3549
29.3589
29.3629
29.3669
29.3709
29.3749
29.3789
29.3829
29.3869
29.3909
29.3949
29.3989
29.4029
29.4069
29.4109
29.4149
29.4189
29.4229
29.4269
29.4309
29.4349
29.4389
29.4429
29.4469
29.4509
29.4549
29.4589
29.4629
29.4669
29.4709
29.4749
29.4789
29.4829
29.4869
29.4909
29.4949
29.4989
29.503
29.507
29.511
29.515
29.519
29.523
29.527
29.531
29.535
29.539
29.543
29.547
29.551
29.555
29.559
29.563
29.567
29.571
29.575
29.579
29.583
29.587
29.591
29.595
29.599
29.603
29.607
29.611
29.615
29.619
29.623
29.627
29.631
29.635
29.639
29.643
29.647
29.651
29.655
29.659
29.663
29.667
29.671
29.675
29.679
29.683
29.687
29.691
29.695
29.699
29.703
29.707
29.711
29.715
29.719
29.723
29.727
29.731
29.735
29.739
29.743
29.747
29.751
29.755
29.759
29.763
29.767
29.771
29.775
29.779
29.783
29.787
29.791
29.795
29.799
29.803
29.807
29.811
29.815
29.819
29.823
29.827
29.831
29.835
29.839
29.843
29.847
29.851
29.855
29.859
29.863
29.867
29.871
29.875
29.879
29.883
29.887
29.891
29.895
29.899
29.903
29.907
29.911
29.915
29.919
29.923
29.927
29.931
29.935
29.939
29.943
29.947
29.951
29.955
29.959
29.963
29.967
29.971
29.975
29.979
29.983
29.987
29.991
29.995
29.999
30.003
30.007
30.011
30.015
30.019
30.023
30.027
30.031
30.035
30.039
30.043
30.047
30.051
30.055
30.059
30.063
30.067
30.071
30.075
30.079
30.083
30.087
30.091
30.095
30.099
30.103
30.107
30.111
30.115
30.119
30.123
30.127
30.131
30.135
30.139
30.143
30.147
30.151
30.155
30.159
30.163
30.167
30.171
30.175
30.179
30.183
30.187
30.191
30.195
30.199
30.203
30.207
30.211
30.215
30.219
30.223
30.227
30.231
30.235
30.239
30.243
30.247
30.251
30.255
30.259
30.263
30.267
30.271
30.275
30.279
30.283
30.287
30.291
30.295
30.299
30.303
30.307
30.311
30.315
30.319
30.323
30.327
30.331
30.335
30.339
30.343
30.347
30.351
30.355
30.359
30.363
30.367
30.371
30.375
30.379
30.383
30.387
30.391
30.395
30.399
30.403
30.407
30.411
30.415
30.419
30.423
30.427
30.431
30.435
30.439
30.443
30.447
30.451
30.455
30.459
30.463
30.467
30.471
30.475
30.479
30.483
30.487
30.491
30.495
30.499
30.5031
30.5071
30.5111
30.5151
30.5191
30.5231
30.5271
30.5311
30.5351
30.5391
30.5431
30.5471
30.5511
30.5551
30.5591
30.5631
30.5671
30.5711
30.5751
30.5791
30.5831
30.5871
30.5911
30.5951
30.5991
30.6031
30.6071
30.6111
30.6151
30.6191
30.6231
30.6271
30.6311
30.6351
30.6391
30.6431
30.6471
30.6511
30.6551
30.6591
30.6631
30.6671
30.6711
30.6751
30.6791
30.6831
30.6871
30.6911
30.6951
30.6991
30.7031
30.7071
30.7111
30.7151
30.7191
30.7231
30.7271
30.7311
30.7351
30.7391
30.7431
30.7471
30.7511
30.7551
30.7591
30.7631
30.7671
30.7711
30.7751
30.7791
30.7831
30.7871
30.7911
30.7951
30.7991
30.8031
30.8071
30.8111
30.8151
30.8191
30.8231
30.8271
30.8311
30.8351
30.8391
30.8431
30.8471
30.8511
30.8551
30.8591
30.8631
30.8671
30.8711
30.8751
30.8791
30.8831
30.8871
30.8911
30.8951
30.8991
30.9031
30.9071
30.9111
30.9151
30.9191
30.9231
30.9271
30.9311
30.9351
30.9391
30.9431
30.9471
30.9511
30.9551
30.9591
30.9631
30.9671
30.9711
30.9751
30.9791
30.9831
30.9871
30.9911
30.9951
30.9991
31.0031
31.0071
31.0111
31.0151
31.0191
31.0231
31.0271
31.0311
31.0351
31.0391
31.0431
31.0471
31.0511
31.0551
31.0591
31.0631
31.0671
31.0711
31.0751
31.0791
31.0831
31.0871
31.0911
31.0951
31.0991
31.1031
31.1071
31.1111
31.1151
31.1191
31.1231
31.1271
31.1311
31.1351
31.1391
31.1431
31.1471
31.1511
31.1551
31.1591
31.1631
31.1671
31.1711
31.1751
31.1791
31.1831
31.1871
31.1911
31.1951
31.1991
31.2031
31.2071
31.2111
31.2151
31.2191
31.2231
31.2271
31.2311
31.2351
31.2391
31.2431
31.2471
31.2511
31.2551
31.2591
31.2631
31.2671
31.2711
31.2751
31.2791
31.2831
31.2871
31.2911
31.2951
31.2991
31.3031
31.3071
31.3111
31.3151
31.3191
31.3231
31.3271
31.3311
31.3351
31.3391
31.3431
31.3471
31.3511
31.3551
31.3591
31.3631
31.3671
31.3711
31.3751
31.3791
31.3831
31.3871
31.3911
31.3951
31.3991
31.4031
31.4071
31.4111
31.4151
31.4191
31.4231
31.4271
31.4311
31.4351
31.4391
31.4431
31.4471
31.4511
31.4551
31.4591
31.4631
31.4671
31.4711
31.4751
31.4791
31.4831
31.4871
31.4911
31.4951
31.4991
31.5032
31.5072
31.5112
31.5152
31.5192
31.5232
31.5272
31.5312
31.5352
31.5392
31.5432
31.5472
31.5512
31.5552
31.5592
31.5632
31.5672
31.5712
31.5752
31.5792
31.5832
31.5872
31.5912
31.5952
31.5992
31.6032
31.6072
31.6112
31.6152
31.6192
31.6232
31.6272
31.6312
31.6352
31.6392
31.6432
31.6472
31.6512
31.6552
31.6592
31.6632
31.6672
31.6712
31.6752
31.6792
31.6832
31.6872
31.6912
31.6952
31.6992
31.7032
31.7072
31.7112
31.7152
31.7192
31.7232
31.7272
31.7312
31.7352
31.7392
31.7432
31.7472
31.7512
31.7552
31.7592
31.7632
31.7672
31.7712
31.7752
31.7792
31.7832
31.7872
31.7912
31.7952
31.7992
31.8032
31.8072
31.8112
31.8152
31.8192
31.8232
31.8272
31.8312
31.8352
31.8392
31.8432
31.8472
31.8512
31.8552
31.8592
31.8632
31.8672
31.8712
31.8752
31.8792
31.8832
31.8872
31.8912
31.8952
31.8992
31.9032
31.9072
31.9112
31.9152
31.9192
31.9232
31.9272
31.9312
31.9352
31.9392
31.9432
31.9472
31.9512
31.9552
31.9592
31.9632
31.9672
31.9712
31.9752
31.9792
31.9832
31.9872
31.9912
31.9952
31.9992
32.0032
32.0072
32.0112
32.0152
32.0192
32.0232
32.0272
32.0312
32.0352
32.0392
32.0432
32.0472
32.0512
32.0552
32.0592
32.0632
32.0672
32.0712
32.0752
32.0792
32.0832
32.0872
32.0912
32.0952
32.0992
32.1032
32.1072
32.1112
32.1152
32.1192
32.1232
32.1272
32.1312
32.1352
32.1392
32.1432
32.1472
32.1512
32.1552
32.1592
32.1632
32.1672
32.1712
32.1752
32.1792
32.1832
32.1872
32.1912
32.1952
32.1992
32.2032
32.2072
32.2112
32.2152
32.2192
32.2232
32.2272
32.2312
32.2352
32.2392
32.2432
32.2472
32.2512
32.2552
32.2592
32.2632
32.2672
32.2712
32.2752
32.2792
32.2832
32.2872
32.2912
32.2952
32.2992
32.3032
32.3072
32.3112
32.3152
32.3192
32.3232
32.3272
32.3312
32.3352
32.3392
32.3432
32.3472
32.3512
32.3552
32.3592
32.3632
32.3672
32.3712
32.3752
32.3792
32.3832
32.3872
32.3912
32.3952
32.3992
32.4032
32.4072
32.4112
32.4152
32.4192
32.4232
32.4272
32.4312
32.4352
32.4392
32.4432
32.4472
32.4512
32.4552
32.4592
32.4632
32.4672
32.4712
32.4752
32.4792
32.4832
32.4872
32.4912
32.4952
32.4992
32.5033
32.5073
32.5113
32.5153
32.5193
32.5233
32.5273
32.5313
32.5353
32.5393
32.5433
32.5473
32.5513
32.5553
32.5593
32.5633
32.5673
32.5713
32.5753
32.5793
32.5833
32.5873
32.5913
32.5953
32.5993
32.6033
32.6073
32.6113
32.6153
32.6193
32.6233
32.6273
32.6313
32.6353
32.6393
32.6433
32.6473
32.6513
32.6553
32.6593
32.6633
32.6673
32.6713
32.6753
32.6793
32.6833
32.6873
32.6913
32.6953
32.6993
32.7033
32.7073
32.7113
32.7153
32.7193
32.7233
32.7273
32.7313
32.7353
32.7393
32.7433
32.7473
32.7513
32.7553
32.7593
32.7633
32.7673
32.7713
32.7753
32.7793
32.7833
32.7873
32.7913
32.7953
32.7993
32.8033
32.8073
32.8113
32.8153
32.8193
32.8233
32.8273
32.8313
32.8353
32.8393
32.8433
32.8473
32.8513
32.8553
32.8593
32.8633
32.8673
32.8713
32.8753
32.8793
32.8833
32.8873
32.8913
32.8953
32.8993
32.9033
32.9073
32.9113
32.9153
32.9193
32.9233
32.9273
32.9313
32.9353
32.9393
32.9433
32.9473
32.9513
32.9553
32.9593
32.9633
32.9673
32.9713
32.9753
32.9793
32.9833
32.9873
32.9913
32.9953
32.9993
33.0033
33.0073
33.0113
33.0153
33.0193
33.0233
33.0273
33.0313
33.0353
33.0393
33.0433
33.0473
33.0513
33.0553
33.0593
33.0633
33.0673
33.0713
33.0753
33.0793
33.0833
33.0873
33.0913
33.0953
33.0993
33.1033
33.1073
33.1113
33.1153
33.1193
33.1233
33.1273
33.1313
33.1353
33.1393
33.1433
33.1473
33.1513
33.1553
33.1593
33.1633
33.1673
33.1713
33.1753
33.1793
33.1833
33.1873
33.1913
33.1953
33.1993
33.2033
33.2073
33.2113
33.2153
33.2193
33.2233
33.2273
33.2313
33.2353
33.2393
33.2433
33.2473
33.2513
33.2553
33.2593
33.2633
33.2673
33.2713
33.2753
33.2793
33.2833
33.2873
33.2913
33.2953
33.2993
33.3033
33.3073
33.3113
33.3153
33.3193
33.3233
33.3273
33.3313
33.3353
33.3393
33.3433
33.3473
33.3513
33.3553
33.3593
33.3633
33.3673
33.3713
33.3753
33.3793
33.3833
33.3873
33.3913
33.3953
33.3993
33.4033
33.4073
33.4113
33.4153
33.4193
33.4233
33.4273
33.4313
33.4353
33.4393
33.4433
33.4473
33.4513
33.4553
33.4593
33.4633
33.4673
33.4713
33.4753
33.4793
33.4833
33.4873
33.4913
33.4953
33.4993
33.5034
33.5074
33.5114
33.5154
33.5194
33.5234
33.5274
33.5314
33.5354
33.5394
33.5434
33.5474
33.5514
33.5554
33.5594
33.5634
33.5674
33.5714
33.5754
33.5794
33.5834
33.5874
33.5914
33.5954
33.5994
33.6034
33.6074
33.6114
33.6154
33.6194
33.6234
33.6274
33.6314
33.6354
33.6394
33.6434
33.6474
33.6514
33.6554
33.6594
33.6634
33.6674
33.6714
33.6754
33.6794
33.6834
33.6874
33.6914
33.6954
33.6994
33.7034
33.7074
33.7114
33.7154
33.7194
33.7234
33.7274
33.7314
33.7354
33.7394
33.7434
33.7474
33.7514
33.7554
33.7594
33.7634
33.7674
33.7714
33.7754
33.7794
33.7834
33.7874
33.7914
33.7954
33.7994
33.8034
33.8074
33.8114
33.8154
33.8194
33.8234
33.8274
33.8314
33.8354
33.8394
33.8434
33.8474
33.8514
33.8554
33.8594
33.8634
33.8674
33.8714
33.8754
33.8794
33.8834
33.8874
33.8914
33.8954
33.8994
33.9034
33.9074
33.9114
33.9154
33.9194
33.9234
33.9274
33.9314
33.9354
33.9394
33.9434
33.9474
33.9514
33.9554
33.9594
33.9634
33.9674
33.9714
33.9754
33.9794
33.9834
33.9874
33.9914
33.9954
33.9994
34.0034
34.0074
34.0114
34.0154
34.0194
34.0234
34.0274
34.0314
34.0354
34.0394
34.0434
34.0474
34.0514
34.0554
34.0594
34.0634
34.0674
34.0714
34.0754
34.0794
34.0834
34.0874
34.0914
34.0954
34.0994
34.1034
34.1074
34.1114
34.1154
34.1194
34.1234
34.1274
34.1314
34.1354
34.1394
34.1434
34.1474
34.1514
34.1554
34.1594
34.1634
34.1674
34.1714
34.1754
34.1794
34.1834
34.1874
34.1914
34.1954
34.1994
34.2034
34.2074
34.2114
34.2154
34.2194
34.2234
34.2274
34.2314
34.2354
34.2394
34.2434
34.2474
34.2514
34.2554
34.2594
34.2634
34.2674
34.2714
34.2754
34.2794
34.2834
34.2874
34.2914
34.2954
34.2994
34.3034
34.3074
34.3114
34.3154
34.3194
34.3234
34.3274
34.3314
34.3354
34.3394
34.3434
34.3474
34.3514
34.3554
34.3594
34.3634
34.3674
34.3714
34.3754
34.3794
34.3834
34.3874
34.3914
34.3954
34.3994
34.4034
34.4074
34.4114
34.4154
34.4194
34.4234
34.4274
34.4314
34.4354
34.4394
34.4434
34.4474
34.4514
34.4554
34.4594
34.4634
34.4674
34.4714
34.4754
34.4794
34.4834
34.4874
34.4914
34.4954
34.4994
34.5035
34.5075
34.5115
34.5155
34.5195
34.5235
34.5275
34.5315
34.5355
34.5395
34.5435
34.5475
34.5515
34.5555
34.5595
34.5635
34.5675
34.5715
34.5755
34.5795
34.5835
34.5875
34.5915
34.5955
34.5995
34.6035
34.6075
34.6115
34.6155
34.6195
34.6235
34.6275
34.6315
34.6355
34.6395
34.6435
34.6475
34.6515
34.6555
34.6595
34.6635
34.6675
34.6715
34.6755
34.6795
34.6835
34.6875
34.6915
34.6955
34.6995
34.7035
34.7075
34.7115
34.7155
34.7195
34.7235
34.7275
34.7315
34.7355
34.7395
34.7435
34.7475
34.7515
34.7555
34.7595
34.7635
34.7675
34.7715
34.7755
34.7795
34.7835
34.7875
34.7915
34.7955
34.7995
34.8035
34.8075
34.8115
34.8155
34.8195
34.8235
34.8275
34.8315
34.8355
34.8395
34.8435
34.8475
34.8515
34.8555
34.8595
34.8635
34.8675
34.8715
34.8755
34.8795
34.8835
34.8875
34.8915
34.8955
34.8995
34.9035
34.9075
34.9115
34.9155
34.9195
34.9235
34.9275
34.9315
34.9355
34.9395
34.9435
34.9475
34.9515
34.9555
34.9595
34.9635
34.9675
34.9715
34.9755
34.9795
34.9835
34.9875
34.9915
34.9955
34.9995
35.0035
35.0075
35.0115
35.0155
35.0195
35.0235
35.0275
35.0315
35.0355
35.0395
35.0435
35.0475
35.0515
35.0555
35.0595
35.0635
35.0675
35.0715
35.0755
35.0795
35.0835
35.0875
35.0915
35.0955
35.0995
35.1035
35.1075
35.1115
35.1155
35.1195
35.1235
35.1275
35.1315
35.1355
35.1395
35.1435
35.1475
35.1515
35.1555
35.1595
35.1635
35.1675
35.1715
35.1755
35.1795
35.1835
35.1875
35.1915
35.1955
35.1995
35.2035
35.2075
35.2115
35.2155
35.2195
35.2235
35.2275
35.2315
35.2355
35.2395
35.2435
35.2475
35.2515
35.2555
35.2595
35.2635
35.2675
35.2715
35.2755
35.2795
35.2835
35.2875
35.2915
35.2955
35.2995
35.3035
35.3075
35.3115
35.3155
35.3195
35.3235
35.3275
35.3315
35.3355
35.3395
35.3435
35.3475
35.3515
35.3555
35.3595
35.3635
35.3675
35.3715
35.3755
35.3795
35.3835
35.3875
35.3915
35.3955
35.3995
35.4035
35.4075
35.4115
35.4155
35.4195
35.4235
35.4275
35.4315
35.4355
35.4395
35.4435
35.4475
35.4515
35.4555
35.4595
35.4635
35.4675
35.4715
35.4755
35.4795
35.4835
35.4875
35.4915
35.4955
35.4995
35.5036
35.5076
35.5116
35.5156
35.5196
35.5236
35.5276
35.5316
35.5356
35.5396
35.5436
35.5476
35.5516
35.5556
35.5596
35.5636
35.5676
35.5716
35.5756
35.5796
35.5836
35.5876
35.5916
35.5956
35.5996
35.6036
35.6076
35.6116
35.6156
35.6196
35.6236
35.6276
35.6316
35.6356
35.6396
35.6436
35.6476
35.6516
35.6556
35.6596
35.6636
35.6676
35.6716
35.6756
35.6796
35.6836
35.6876
35.6916
35.6956
35.6996
35.7036
35.7076
35.7116
35.7156
35.7196
35.7236
35.7276
35.7316
35.7356
35.7396
35.7436
35.7476
35.7516
35.7556
35.7596
35.7636
35.7676
35.7716
35.7756
35.7796
35.7836
35.7876
35.7916
35.7956
35.7996
35.8036
35.8076
35.8116
35.8156
35.8196
35.8236
35.8276
35.8316
35.8356
35.8396
35.8436
35.8476
35.8516
35.8556
35.8596
35.8636
35.8676
35.8716
35.8756
35.8796
35.8836
35.8876
35.8916
35.8956
35.8996
35.9036
35.9076
35.9116
35.9156
35.9196
35.9236
35.9276
35.9316
35.9356
35.9396
35.9436
35.9476
35.9516
35.9556
35.9596
35.9636
35.9676
35.9716
35.9756
35.9796
35.9836
35.9876
35.9916
35.9956
35.9996
36.0036
36.0076
36.0116
36.0156
36.0196
36.0236
36.0276
36.0316
36.0356
36.0396
36.0436
36.0476
36.0516
36.0556
36.0596
36.0636
36.0676
36.0716
36.0756
36.0796
36.0836
36.0876
36.0916
36.0956
36.0996
36.1036
36.1076
36.1116
36.1156
36.1196
36.1236
36.1276
36.1316
36.1356
36.1396
36.1436
36.1476
36.1516
36.1556
36.1596
36.1636
36.1676
36.1716
36.1756
36.1796
36.1836
36.1876
36.1916
36.1956
36.1996
36.2036
36.2076
36.2116
36.2156
36.2196
36.2236
36.2276
36.2316
36.2356
36.2396
36.2436
36.2476
36.2516
36.2556
36.2596
36.2636
36.2676
36.2716
36.2756
36.2796
36.2836
36.2876
36.2916
36.2956
36.2996
36.3036
36.3076
36.3116
36.3156
36.3196
36.3236
36.3276
36.3316
36.3356
36.3396
36.3436
36.3476
36.3516
36.3556
36.3596
36.3636
36.3676
36.3716
36.3756
36.3796
36.3836
36.3876
36.3916
36.3956
36.3996
36.4036
36.4076
36.4116
36.4156
36.4196
36.4236
36.4276
36.4316
36.4356
36.4396
36.4436
36.4476
36.4516
36.4556
36.4596
36.4636
36.4676
36.4716
36.4756
36.4796
36.4836
36.4876
36.4916
36.4956
36.4996
36.5037
36.5077
36.5117
36.5157
36.5197
36.5237
36.5277
36.5317
36.5357
36.5397
36.5437
36.5477
36.5517
36.5557
36.5597
36.5637
36.5677
36.5717
36.5757
36.5797
36.5837
36.5877
36.5917
36.5957
36.5997
36.6037
36.6077
36.6117
36.6157
36.6197
36.6237
36.6277
36.6317
36.6357
36.6397
36.6437
36.6477
36.6517
36.6557
36.6597
36.6637
36.6677
36.6717
36.6757
36.6797
36.6837
36.6877
36.6917
36.6957
36.6997
36.7037
36.7077
36.7117
36.7157
36.7197
36.7237
36.7277
36.7317
36.7357
36.7397
36.7437
36.7477
36.7517
36.7557
36.7597
36.7637
36.7677
36.7717
36.7757
36.7797
36.7837
36.7877
36.7917
36.7957
36.7997
36.8037
36.8077
36.8117
36.8157
36.8197
36.8237
36.8277
36.8317
36.8357
36.8397
36.8437
36.8477
36.8517
36.8557
36.8597
36.8637
36.8677
36.8717
36.8757
36.8797
36.8837
36.8877
36.8917
36.8957
36.8997
36.9037
36.9077
36.9117
36.9157
36.9197
36.9237
36.9277
36.9317
36.9357
36.9397
36.9437
36.9477
36.9517
36.9557
36.9597
36.9637
36.9677
36.9717
36.9757
36.9797
36.9837
36.9877
36.9917
36.9957
36.9997
37.0037
37.0077
37.0117
37.0157
37.0197
37.0237
37.0277
37.0317
37.0357
37.0397
37.0437
37.0477
37.0517
37.0557
37.0597
37.0637
37.0677
37.0717
37.0757
37.0797
37.0837
37.0877
37.0917
37.0957
37.0997
37.1037
37.1077
37.1117
37.1157
37.1197
37.1237
37.1277
37.1317
37.1357
37.1397
37.1437
37.1477
37.1517
37.1557
37.1597
37.1637
37.1677
37.1717
37.1757
37.1797
37.1837
37.1877
37.1917
37.1957
37.1997
37.2037
37.2077
37.2117
37.2157
37.2197
37.2237
37.2277
37.2317
37.2357
37.2397
37.2437
37.2477
37.2517
37.2557
37.2597
37.2637
37.2677
37.2717
37.2757
37.2797
37.2837
37.2877
37.2917
37.2957
37.2997
37.3037
37.3077
37.3117
37.3157
37.3197
37.3237
37.3277
37.3317
37.3357
37.3397
37.3437
37.3477
37.3517
37.3557
37.3597
37.3637
37.3677
37.3717
37.3757
37.3797
37.3837
37.3877
37.3917
37.3957
37.3997
37.4037
37.4077
37.4117
37.4157
37.4197
37.4237
37.4277
37.4317
37.4357
37.4397
37.4437
37.4477
37.4517
37.4557
37.4597
37.4637
37.4677
37.4717
37.4757
37.4797
37.4837
37.4877
37.4917
37.4957
37.4997
37.5038
37.5078
37.5118
37.5158
37.5198
37.5238
37.5278
37.5318
37.5358
37.5398
37.5438
37.5478
37.5518
37.5558
37.5598
37.5638
37.5678
37.5718
37.5758
37.5798
37.5838
37.5878
37.5918
37.5958
37.5998
37.6038
37.6078
37.6118
37.6158
37.6198
37.6238
37.6278
37.6318
37.6358
37.6398
37.6438
37.6478
37.6518
37.6558
37.6598
37.6638
37.6678
37.6718
37.6758
37.6798
37.6838
37.6878
37.6918
37.6958
37.6998
37.7038
37.7078
37.7118
37.7158
37.7198
37.7238
37.7278
37.7318
37.7358
37.7398
37.7438
37.7478
37.7518
37.7558
37.7598
37.7638
37.7678
37.7718
37.7758
37.7798
37.7838
37.7878
37.7918
37.7958
37.7998
37.8038
37.8078
37.8118
37.8158
37.8198
37.8238
37.8278
37.8318
37.8358
37.8398
37.8438
37.8478
37.8518
37.8558
37.8598
37.8638
37.8678
37.8718
37.8758
37.8798
37.8838
37.8878
37.8918
37.8958
37.8998
37.9038
37.9078
37.9118
37.9158
37.9198
37.9238
37.9278
37.9318
37.9358
37.9398
37.9438
37.9478
37.9518
37.9558
37.9598
37.9638
37.9678
37.9718
37.9758
37.9798
37.9838
37.9878
37.9918
37.9958
37.9998
38.0038
38.0078
38.0118
38.0158
38.0198
38.0238
38.0278
38.0318
38.0358
38.0398
38.0438
38.0478
38.0518
38.0558
38.0598
38.0638
38.0678
38.0718
38.0758
38.0798
38.0838
38.0878
38.0918
38.0958
38.0998
38.1038
38.1078
38.1118
38.1158
38.1198
38.1238
38.1278
38.1318
38.1358
38.1398
38.1438
38.1478
38.1518
38.1558
38.1598
38.1638
38.1678
38.1718
38.1758
38.1798
38.1838
38.1878
38.1918
38.1958
38.1998
38.2038
38.2078
38.2118
38.2158
38.2198
38.2238
38.2278
38.2318
38.2358
38.2398
38.2438
38.2478
38.2518
38.2558
38.2598
38.2638
38.2678
38.2718
38.2758
38.2798
38.2838
38.2878
38.2918
38.2958
38.2998
38.3038
38.3078
38.3118
38.3158
38.3198
38.3238
38.3278
38.3318
38.3358
38.3398
38.3438
38.3478
38.3518
38.3558
38.3598
38.3638
38.3678
38.3718
38.3758
38.3798
38.3838
38.3878
38.3918
38.3958
38.3998
38.4038
38.4078
38.4118
38.4158
38.4198
38.4238
38.4278
38.4318
38.4358
38.4398
38.4438
38.4478
38.4518
38.4558
38.4598
38.4638
38.4678
38.4718
38.4758
38.4798
38.4838
38.4878
38.4918
38.4958
38.4998
38.5039
38.5079
38.5119
38.5159
38.5199
38.5239
38.5279
38.5319
38.5359
38.5399
38.5439
38.5479
38.5519
38.5559
38.5599
38.5639
38.5679
38.5719
38.5759
38.5799
38.5839
38.5879
38.5919
38.5959
38.5999
38.6039
38.6079
38.6119
38.6159
38.6199
38.6239
38.6279
38.6319
38.6359
38.6399
38.6439
38.6479
38.6519
38.6559
38.6599
38.6639
38.6679
38.6719
38.6759
38.6799
38.6839
38.6879
38.6919
38.6959
38.6999
38.7039
38.7079
38.7119
38.7159
38.7199
38.7239
38.7279
38.7319
38.7359
38.7399
38.7439
38.7479
38.7519
38.7559
38.7599
38.7639
38.7679
38.7719
38.7759
38.7799
38.7839
38.7879
38.7919
38.7959
38.7999
38.8039
38.8079
38.8119
38.8159
38.8199
38.8239
38.8279
38.8319
38.8359
38.8399
38.8439
38.8479
38.8519
38.8559
38.8599
38.8639
38.8679
38.8719
38.8759
38.8799
38.8839
38.8879
38.8919
38.8959
38.8999
38.9039
38.9079
38.9119
38.9159
38.9199
38.9239
38.9279
38.9319
38.9359
38.9399
38.9439
38.9479
38.9519
38.9559
38.9599
38.9639
38.9679
38.9719
38.9759
38.9799
38.9839
38.9879
38.9919
38.9959
38.9999
39.0039
39.0079
39.0119
39.0159
39.0199
39.0239
39.0279
39.0319
39.0359
39.0399
39.0439
39.0479
39.0519
39.0559
39.0599
39.0639
39.0679
39.0719
39.0759
39.0799
39.0839
39.0879
39.0919
39.0959
39.0999
39.1039
39.1079
39.1119
39.1159
39.1199
39.1239
39.1279
39.1319
39.1359
39.1399
39.1439
39.1479
39.1519
39.1559
39.1599
39.1639
39.1679
39.1719
39.1759
39.1799
39.1839
39.1879
39.1919
39.1959
39.1999
39.2039
39.2079
39.2119
39.2159
39.2199
39.2239
39.2279
39.2319
39.2359
39.2399
39.2439
39.2479
39.2519
39.2559
39.2599
39.2639
39.2679
39.2719
39.2759
39.2799
39.2839
39.2879
39.2919
39.2959
39.2999
39.3039
39.3079
39.3119
39.3159
39.3199
39.3239
39.3279
39.3319
39.3359
39.3399
39.3439
39.3479
39.3519
39.3559
39.3599
39.3639
39.3679
39.3719
39.3759
39.3799
39.3839
39.3879
39.3919
39.3959
39.3999
39.4039
39.4079
39.4119
39.4159
39.4199
39.4239
39.4279
39.4319
39.4359
39.4399
39.4439
39.4479
39.4519
39.4559
39.4599
39.4639
39.4679
39.4719
39.4759
39.4799
39.4839
39.4879
39.4919
39.4959
39.4999
39.504
39.508
39.512
39.516
39.52
39.524
39.528
39.532
39.536
39.54
39.544
39.548
39.552
39.556
39.56
39.564
39.568
39.572
39.576
39.58
39.584
39.588
39.592
39.596
39.6
39.604
39.608
39.612
39.616
39.62
39.624
39.628
39.632
39.636
39.64
39.644
39.648
39.652
39.656
39.66
39.664
39.668
39.672
39.676
39.68
39.684
39.688
39.692
39.696
39.7
39.704
39.708
39.712
39.716
39.72
39.724
39.728
39.732
39.736
39.74
39.744
39.748
39.752
39.756
39.76
39.764
39.768
39.772
39.776
39.78
39.784
39.788
39.792
39.796
39.8
39.804
39.808
39.812
39.816
39.82
39.824
39.828
39.832
39.836
39.84
39.844
39.848
39.852
39.856
39.86
39.864
39.868
39.872
39.876
39.88
39.884
39.888
39.892
39.896
39.9
39.904
39.908
39.912
39.916
39.92
39.924
39.928
39.932
39.936
39.94
39.944
39.948
39.952
39.956
39.96
39.964
39.968
39.972
39.976
39.98
39.984
39.988
39.992
39.996
40
